base_Gaussian_field1_fig8.txt
ncols   100
nrows   100
xllcorner   0.000000
yllcorner   0.000000
cellsize   1
NODATA_value   -9999
[rows 38 to 56 of 100, columns 44 to 87 of 100]
-0.104565054811761 0.0340121565442581 0.00830347764881964 0.0691248039689834 -0.0357035188640414 -0.844594359389475 -0.375843625138930 -0.204238585401300 -0.101031645178967 -0.367774358641351 -0.841948263649566 -1.24250408603990 -1.72592681876209 -1.88570005817179 -1.98191661870762 -2.09705924997746 -2.29778673164344 -2.00588496592730 -1.18716030487359 -1.27033740836899 -1.05373912988501 -0.675325952232330 0.189469017840252 -0.0112021592746277 0.239254423051971 -0.0590710094361258 0.0474676814867536 0.592148053320767 0.529178908509607 1.28305484327364 0.983102412172843 0.549928440256133 1.05332803823209 1.20485973200881 1.00273962743230 1.38785688665903 1.88247428296451 1.24226741086714 0.718045175509689 0.270075718925529 0.0620467459339076 -0.376347087010847 -0.375204589642637 -0.621799371308375
-0.147821175273816 -0.547768613176210 0.167211963472853 0.0399571320287362 -0.270143809509981 -0.798243098788025 -1.00433008116692 -0.314474676237777 -0.535462711419785 -1.49961072697934 -1.21377339933340 -1.43191306633282 -1.46881197529038 -1.55159035948270 -1.98883588354318 -2.00206989015494 -1.94864120219134 -1.60523004798686 -0.957975820393430 -1.42216392215246 -1.70106095312676 -1.52294734635362 -0.191417119233039 -0.629079795952021 -0.0748130931669544 0.0175005762673000 0.367742282120299 0.622743698472284 0.558334553892413 1.40843078475871 1.11612634751180 0.916980909727899 0.942495036998561 0.780295985210416 1.06421213471630 1.11159994423460 1.68997987725778 1.84222045970755 1.35879253491927 0.198034108507220 -0.145460072474521 -0.0802134319143420 -0.158089369810575 -0.925770597269185
0.0792362579392722 -0.0530818639135749 -0.586275325347320 -0.473952956102196 -0.121033276594966 -0.442569982406758 -0.597238519201687 0.0161039806549956 -0.648166502735042 -0.845662755533392 -0.979886229757758 -1.27577653876134 -2.00393606667602 -1.96402924401072 -1.71442752227494 -2.19792072757714 -1.96261979125071 -1.93513143870873 -1.55768244438129 -1.57437960863871 -1.65176232130287 -1.67694207844159 -0.878626655458242 0.133880009320642 -0.00162910261635346 0.446166250321876 0.735882493960253 0.941617028887874 0.866352866500124 1.37135962270037 0.976264996433286 1.43186439820851 1.00332905019823 1.00863991670778 1.29936028208952 1.25903333133701 1.64318637082107 1.84720280967082 1.00804729868492 0.473314290029830 0.172808081473301 0.140683993976604 -0.268222607575228 -0.464839709662464
0.373027274316581 0.145021193104903 -0.0280046215837326 -0.136249245616106 0.125666323636789 -0.0207646455213154 -0.606424893052335 -0.895733642289664 -0.501631708669706 -1.20085231519792 -0.808765924786840 -0.777455430969732 -1.52592941728940 -1.52002853046746 -1.39662589285217 -1.12748703178692 -1.69943004728884 -1.69420667899159 -1.31661192987103 -1.48793428585301 -1.10396892487430 -1.18675612705577 -0.676190196707715 0.0744475467152333 0.285488542390210 1.27752195534221 1.20409093949362 0.772693234592533 0.961664519508331 1.27536538171278 1.26358934676076 1.29351236172239 0.914127975068961 0.875197489601171 0.887398158163335 1.00110690426263 1.24399127180705 1.38487574151494 0.942250317208716 0.484172431344018 0.516742819845960 0.738250985462417 0.369112554631069 -0.0564420139097973
0.801651653803649 0.817523884376105 0.109715054622486 0.132345175257867 -0.00923534706245843 -0.0576763715275738 -0.764119376074918 -0.238184241545289 -0.291574678308778 -0.944002217829462 -1.50101328733816 -1.09885739077117 -1.05734514903466 -1.55831360283383 -1.20752499365880 -1.38334890710490 -0.744568851021938 -0.935339956048254 -0.850562010208981 -1.40217384661095 -1.00057249377489 -0.979758502521534 -0.337238122356828 0.252143674732780 0.829246780688754 1.23729349044875 0.760205700705700 0.948747700332933 1.17050661697468 1.39050900909681 0.821500819552600 0.686856970747472 0.164772919487212 0.631678042222443 0.788520817798145 1.15747814458569 0.975039056486200 0.847009724254780 0.301863991393508 0.249198933847237 0.789031074312729 0.975003428427770 0.649085067138619 0.152628164131921
0.241608685406520 0.893221245487407 1.04972294683084 0.743418534660026 0.347114034423657 -0.104497382621316 -0.0207859907484151 0.103015592668200 -0.00605808896670440 -0.805044805591774 -1.67148503301450 -1.29325278338123 -1.07010685639218 -1.27483202661825 -1.34991177624835 -1.03612659923142 -0.928580690928708 -1.00695897209127 -0.924568433463414 -0.684086328587551 -0.864177593771307 -0.423447291589562 -0.0302108285940400 0.198415293033873 0.879244876987362 1.18609857918954 1.24152078479029 1.49274619868464 1.32684376301978 0.963602352270795 0.559004580147421 0.329206032461910 0.172768101593568 0.359001362521915 0.925688940189204 0.918905271520523 0.548833482560030 0.174839668491974 0.228439075441158 0.342063524929490 0.689384922982354 0.652440692556626 0.810761169504757 1.32438888526227
0.589743653125620 0.619532908631155 0.358829916567185 1.08545986265283 0.720873937519738 0.520327759236899 -0.115101863903081 -0.0568320081342919 -0.377115962807237 -0.768100664156097 -1.00848365687484 -0.669614417889457 -1.14413563404117 -1.00910945510263 -1.53278070104715 -1.04313317720064 -1.02122303287126 -0.721550576333378 -0.873686544524298 -0.305169370917668 -0.295585775611954 0.0835983111698301 0.188180256262220 -0.125497922157197 0.995389525697617 0.737855958144922 0.986024685555310 0.843476978039099 0.808010011996190 0.517325134871966 0.544885179207486 0.763835346678905 0.300335298734066 0.576050482552261 1.24867146355177 0.217972905200537 0.465508260858210 0.0569339878377075 0.427799153463697 0.521022270301428 0.387188474382549 0.321382257231638 0.834043646678513 1.18673704971772
0.494463568588366 -0.0685840463036149 0.450270620274493 0.505206144928029 0.714179322692052 0.549353796394028 0.0106953381886970 -0.659685708082938 -0.815638169725040 -0.776718588821222 -0.770073273071184 -0.791250395023573 -1.08803264499566 -1.15433578819166 -1.30888643863578 -1.28427363436715 -0.873536301588397 -0.869949601585174 -0.294580172405874 -0.668175023999550 -0.503775236025035 0.123817533099879 -0.319801970137933 0.267113006951085 0.699656187330564 0.582023365896751 0.390029567432340 0.957698065869525 0.634755192513907 0.721780470144251 0.235837762024201 0.512110253712959 0.650630139577586 0.555544682437293 0.902518991890138 1.33459787692453 0.783274024794793 0.176963596687809 -0.0719770388011577 0.129100864496180 0.0280733092713417 0.217067801798671 0.443062920364961 0.714681284890967
-0.528989184086299 -0.623026114723699 -0.00589850099026242 0.277255757857129 0.230822189080166 0.293797656462520 -0.635082106682909 -0.619721989989675 -0.927372647264674 -1.29167970101110 -1.45386123913001 -1.33939526368156 -1.14868902103577 -0.496140952856234 -0.723325055703465 -0.516023198893101 -0.759504222143923 -0.930590360139092 -0.516947200314632 -0.256205603780896 0.170577679115588 0.328968858525593 0.520579416254432 0.202898072119798 0.729335693187619 0.677905891797265 0.889435029686947 1.77786958245451 1.23837787957238 1.50760801354795 0.884117722481962 0.614672455758166 0.502516431671575 0.352017808666385 1.09576333156630 1.02110414692193 0.466141112816883 0.345453758584117 0.417316081994344 0.480703484896767 0.228318282049849 0.114972806787579 0.147068452389456 0.0414561878943854
-0.0660905898031501 -0.739645886596761 -0.223986568957817 -0.207277357842341 -0.215848882067687 -0.177280008913983 -0.315265167431909 -0.832763087504283 -1.48444233353975 -1.92394129265568 -0.928934576982522 -0.778456122245798 -0.689307417296162 -0.184127938706145 -1.04719942826781 -0.362733166016594 -0.191128703426891 -0.197590136879816 -0.0848238056621227 -0.236737196906810 0.0150795424484447 0.507203337513739 0.976249479871385 0.664204287341342 0.829283878729818 0.188687951327323 1.36996163582034 1.75239667205294 1.41920400056960 1.51922497288439 1.15018284749687 0.548863152871038 0.420905457800969 0.640067531449378 1.01471634031988 0.970324928849670 0.746741734539811 0.626958258302295 0.577017159996405 0.256304361722587 0.626438476248733 0.235545713182474 0.318054071633245 -0.0305524907717473
-1.00251158882601 -1.13401536480821 -0.732860285626750 -0.998014966341575 -0.698316543745921 -0.790814801120280 -0.842929381210226 -1.00023910827215 -1.31095651972729 -1.74641258331212 -1.21701112923051 -1.01060368753255 -1.19138501468708 -0.979102522247609 -1.05276801502082 -0.620609291736708 0.0496193403517534 -0.297965314484731 -0.190671472457560 -0.178372871279075 0.153861080156861 0.333708347480749 0.668699661619647 0.949092996188456 0.802982751804881 0.961920912267908 1.26160043844088 1.50221146394141 1.65212098268847 1.86882138041427 1.32543618158533 0.773028023337274 0.734581507400778 0.379914826982186 0.617009113863353 0.708148288524393 0.890519509331604 0.707317770396081 0.476330464634392 -0.182483751871383 0.471186423103558 0.273269959668292 -0.0200294497367359 -0.0995323653180210
-0.911464373473693 -1.70658137752517 -0.913042264323437 -1.02972572531016 -1.10617541205387 -1.09168238087251 -1.58641756081753 -1.24949281581526 -1.52004654837140 -1.75357459731459 -1.54784176274044 -1.68146603539257 -0.826612022812641 -1.01237723870060 -1.03838739830257 -0.665111579851542 -0.656094382665659 -0.688794717914783 -0.499308797396028 0.0467866352264786 0.665826596837209 0.956855490542049 0.962617318679623 0.825800364954623 0.707000511166219 1.03350921300192 1.33700355297947 1.56706552603995 1.56684780833499 1.87757475921130 1.73504126189231 0.613908610210495 1.08872788918563 0.810627345395815 0.473344570339559 0.420228208868070 0.431008043456534 -0.118217430498435 -0.288143749097641 -0.243633418066264 -0.0229010429943577 0.193367822379638 0.399615614221268 -0.391685402182329
-0.685361956082327 -1.10460462324130 -0.973494471491452 -1.21753264790512 -1.49129970910152 -1.50284099295133 -1.29593779443620 -1.44132183859197 -1.15642380185671 -1.09487205325815 -1.01281254675191 -1.38291839545836 -1.25982503993407 -1.15291120628479 -0.964417412975167 -0.863548037715926 -0.821096817148419 -0.543803022090394 -0.969946008140478 0.123864933312692 0.278465386555285 0.722044196770678 0.984074697560962 1.12706558683790 0.965530482573558 0.983330195986312 0.923988840126604 1.07202449553879 1.19416413860175 1.29259444028302 1.44281800012957 0.949098339794346 0.838281565534888 0.470318982967044 0.906519284200468 0.0505906284931776 0.685399379356894 0.616219066084993 0.117558851317548 0.137438086676101 -0.00713906421408092 -0.0198075879534445 0.188977022204007 -0.443372599965415
-0.350774916268413 -0.540482805167842 -0.818273475465056 -1.48951783536820 -2.08612225099745 -1.73104732573249 -1.46679340529516 -1.09156178498811 -2.11325696814226 -0.973029831104166 -0.695528239844517 -0.511685062868856 -1.48130910826755 -1.49433924811238 -0.794041201373458 -0.676457355996268 -0.563812421466224 -0.488682749759151 -0.754942781141008 -0.211010669336412 0.169251582241807 0.631089105116169 0.955655129870504 0.980759894794111 1.13743792015374 0.801168123741997 0.766474237484211 0.881325509611252 1.15303667433664 1.35213748872473 1.57182218041287 0.992721209006386 0.725441382375298 0.183514128397812 0.176195089889809 -0.140156414404806 0.147943448057707 0.550950794920653 0.830136591978158 0.342746481816657 -0.377956148730918 -0.360134726056249 -0.349003390315315 -0.561425028966304
-0.489002146254615 -0.596750889115791 -0.854861538037532 -1.37224389245958 -2.07210567479457 -1.57336567257328 -2.03961190622270 -1.93248635291258 -1.72349566445960 -1.42579724657123 -0.534580669385962 -0.858042314706412 -1.03436486558893 -0.998822607611912 -1.19242701121461 -0.710259352089964 -0.320108078554197 -0.378037110442350 0.0100331943647133 -0.00300765136393605 0.250538829419799 0.804901067396087 1.03889749140524 0.661396985730341 0.375838231992182 0.419886372984371 0.209410063063010 0.512872322488163 1.10193205304990 0.990598235979072 0.953317873274243 0.0483725022396968 0.106008834197514 -0.557171786390215 -0.466041481656397 -0.151224533686855 0.674683545470313 1.01770957444732 0.849171497146956 0.796264499665256 0.122315271679305 -0.812150227522766 -0.724536619042789 -0.292379613608882
-0.610798977971658 -0.743969793204016 -0.732226730244726 -1.29660512610119 -1.56200882714415 -1.81929714145060 -2.18220224652113 -2.35388835812615 -2.23481164353546 -1.13173627703857 -0.699247656472856 -0.804767741113545 -0.822134799629332 -0.442111940021564 -0.878869736097771 -0.688255522585513 -0.562299138150932 -0.241941086875930 0.300187041900064 0.611305650816459 0.746756741784480 1.12021471845869 0.650579687329459 -0.260411207745721 -0.587518043333525 -0.107470876074307 -0.340992699650077 0.0534497128328196 0.0989616392867637 0.379198513829630 0.293922746937005 0.378493366398888 0.169956696348972 -0.251610581335534 -0.113105641481181 -0.0279485923623028 0.492320339409168 0.623526755741542 0.437298239852842 0.254737505465114 -0.130718398543138 -0.352483392464636 -0.447912658054932 -0.424543648050849
-0.250138389977394 -0.410612055584120 -0.618500831380813 -1.33930558732477 -1.35936358212774 -1.99422565732013 -2.26057151589874 -2.03446162517354 -1.79913811848168 -0.838637900704695 -1.24058050526108 -0.994088875497365 -0.736288902525140 -0.852103327868389 -0.181970496938667 -0.0507276885668960 0.0107927240065576 0.0619844470974678 0.413016945384984 0.000963504377893776 -0.0469488415770471 -0.535419825783067 -0.603905275446931 -0.746222871081977 -1.02381820462329 -0.463545730850729 -0.564784009375865 -0.586334137572116 -0.291567595026483 -0.162895105734503 0.405894676654438 0.679669655848287 0.0548996677662637 -0.168917464190179 -0.164143961535969 -0.224933132726316 -0.0654976480034337 0.0864606719327685 0.0468386092953466 0.0722147451735578 -0.190299412745309 0.502345067624547 0.258486592726930 -0.186562993410681
-0.396872963119205 -0.609243601644109 -0.512544161262757 -1.45140699562455 -1.18533610844979 -1.63405477957250 -2.40154918631843 -2.17667822302397 -1.85305298527639 -1.05484505153620 -1.07921824544379 -1.09092607267511 -0.765300290997322 -0.554551092410816 -0.580931950492681 -0.0988961317246723 -0.160731755957986 0.646547374556279 -0.0358899059913324 -0.0174702297073108 -0.490044478483955 -0.337783596730172 -0.279093560014878 -1.01392231550100 -0.830533604645442 -0.993695899011158 -1.34045005777152 -1.08262323559090 -0.599416104023761 -0.781607274476181 -0.287228986921358 -0.246078285668612 -0.180494135842863 -0.512590912361822 -1.41792026520059 -1.09542086250636 -0.927810672733808 -0.162588997801577 -0.349372210711262 -0.187687331404800 0.126945878970379 0.317382132422007 0.501719579056879 0.0273242072809180
-0.336534010481420 -0.768568032873014 -1.42724152344627 -1.57355938801182 -1.61544853067447 -1.41895621962302 -1.78526587635325 -1.94359711052598 -1.63745690831280 -0.914041725045735 -0.706507118460134 -0.807840074118434 -0.838826909625598 -0.918304934558439 -0.477437077884943 -0.364582373959717 -0.109177840369605 0.107720019986096 -0.356142073328794 -0.793785352040435 -0.855733630289395 -1.07227741860704 -1.01318580507495 -1.16507480979386 -0.891866649106604 -1.04201220678720 -1.45498216945207 -1.23873329495937 -0.842702001849901 -0.730662830382398 -1.16845862251909 -0.898804689565674 -0.233426610179644 -1.01951086566823 -1.15749420531541 -1.28540540037453 -0.580968052005935 -0.535273862180102 -0.578928607803678 -0.221229594362780 -0.000539680862208869 0.235758024809241 0.217534268673016 0.422229952500073
