base_Gaussian_field2_fig8.txt
ncols  100
nrows  100
xllcorner  0.000000
yllcorner  0.000000
cellsize  1
NODATA_value  -9999
[rows 0 to 18 of 100, columns 44 to 87 of 100]
-0.297606592061445 0.272571656422328 0.386803531378704 0.881024555593311 1.16667481810577 1.38020388608239 0.813819559774649 0.0636260894270940 0.330844126533892 0.550495445347944 0.124149534345159 0.488965874925387 0.00238885554361484 0.226606555282697 -0.342554159363124 -0.985508481568423 -0.840907961743942 -0.815250033780381 -0.496323691634147 -0.681258108928443 0.164568722429547 0.0494711132289227 0.666865294478108 0.854230896936034 1.78547047593514 1.21345547561163 1.27452965825565 1.15475061054423 0.983737440134750 0.979451115552873 0.191871322174411 0.146244995657404 0.261424065641633 0.343363779491935 0.647335648963706 0.722384544602487 0.620589079675823 0.369421845721581 -0.0488863866128005 -0.612278996541999 -0.807973944828170 -1.19811594200411 -0.994726991584560 -1.37548974880786
-0.411276190156329 0.00883712849898255 0.278132742654031 0.435520985548479 1.31471155719405 1.73558133562186 1.33475671408368 0.874027566178856 0.872392615307549 0.223571578790985 -0.162825214673738 -0.0568190860900091 -0.810072828299918 -0.677292779663335 -0.982051841985052 -1.16064853467914 -1.18056993445514 -0.913923288805936 -0.390192353082393 -0.186824804696969 -0.00107793988528226 0.991844240846093 1.49281184212257 1.35283252941488 1.58601143604345 1.26792087766112 1.05310459725906 0.525895511179056 0.114497735569185 0.282554178672759 0.181086782126475 0.669019677936636 0.450598997208375 0.0344266015198352 0.242097680716732 0.739022438496925 0.369876758580783 -0.332080002737427 -0.388174190755476 -0.623687382319112 -0.781299033967672 -1.04259619723975 -1.38277881950850 -1.79116650624667
-0.675833508450404 -0.0264243707108440 0.953802041796957 0.732491561109751 0.340052035683317 0.854206965452900 0.840225094773640 1.01272093516060 0.539640012662978 0.120571115286444 -0.363540837150151 -0.448681423504850 -0.378948776165593 -0.554023087750293 -1.15831911742254 -1.45476531520957 -1.17494185666957 -0.727226027749013 -0.470187088599075 -0.443349740189296 -0.263111160653541 0.789817033157966 1.25038305646365 1.34232803190689 0.884770408129024 1.01175216753241 0.588924909001500 0.582190606048584 0.208114646094671 0.159704729701864 0.159054668935961 1.13091394521959 1.03925863995162 0.489808183007364 0.146718945548560 -0.0250828179391732 0.336094148568385 0.0468342849743330 -0.223251784309101 -0.319801170209942 -0.497317580496550 -0.546096264487725 -1.53499829715506 -1.34097196222383
-0.701364344644708 -0.467375840166253 0.00675932590570402 -0.119572736769932 0.178269071011029 0.490405215241449 0.366699397796360 0.703472494438843 0.196869028934830 -0.0546613891418063 0.0215075180399232 -0.415994436063843 -0.292808752605059 -0.304040885124796 -1.03698292145483 -1.65479967321851 -1.14112639869557 -0.634971145943556 -0.00438323099567745 -0.550236464532298 -0.250575308877832 0.113332731391361 0.749926597516311 1.07470663495754 0.915279981251306 1.34221992165824 1.55938347643004 0.551760972733719 0.0531439721726101 0.509288942005710 0.551599437716828 1.06515319618262 1.04701061846733 0.667575770787321 0.639317734617513 0.666826757853590 0.532899509510668 0.385944571349786 -0.283692865794328 -0.190567003040186 -0.144907555542714 -0.194010964426564 -1.01573844332866 -1.29632410030656
-0.598563079477037 -0.228538725537015 -0.406707825486449 -0.326416900316562 -0.140108100147366 0.262828103294717 0.317125098764571 0.0603046668180870 -0.0815746705114746 -0.417901952654627 -0.326565431513666 -0.286258737899999 -0.450000187737234 -0.584273614530653 -0.674789111874872 -0.853223091543986 -0.456022678919816 0.0185468253070268 0.0589667738249174 -0.233118923056477 -0.00347717841283357 0.173598591163916 0.634928830112703 0.806643898832235 0.763003835909517 1.02131762186772 0.953986803427513 0.375709355277590 0.137575484237603 0.227569447889431 0.985643453039667 0.928968562881556 0.989666767364664 1.26239177127736 0.912066916497960 1.24338174692706 0.910021043441296 0.633241657001968 -0.234409089429868 -0.569522655228488 -0.532599293336155 -0.458220163329260 -1.19291955703561 -1.58516925318375
-0.0604733060692799 -0.337099160110803 -0.807559816532534 -0.340305078397344 -0.610704741109698 0.191254236466760 0.583348887076751 0.429776738782457 0.0359060309433931 -0.390907810934015 -0.499298006441987 -0.728757030778895 -0.979479913779826 -1.36381957343774 -1.30245917947330 -0.983995749760357 -0.715303975856911 -0.501863167178401 0.138543693923095 -0.0339095756852724 0.249679073738134 0.815700306772798 0.848138986274424 1.00721276076580 1.22129835502722 1.71818896085567 1.25241099304584 0.646624495833047 0.985563691605259 1.04385298905693 0.736718654821467 1.05152035950965 1.69832045679820 1.82933155322828 1.08614615713913 1.37158296483586 0.767773743582701 0.856518437068492 -0.629484681659925 -0.461273074430691 -1.09202429159463 -0.565827810734726 -0.951965507995777 -1.54909194685621
-0.369455306165033 -1.11781657434534 -1.18654433343271 -0.904533161189538 -0.115944227732749 0.516129283290602 0.903383861510420 0.456037119821202 -0.0121235523035277 0.0938251676630771 -0.239649614511356 -0.633580812843994 -0.160573794165187 -0.760334585410527 -1.42444774544056 -1.44387487157663 -1.45941541675736 -0.649624324137959 -0.442415193529983 0.444343797386022 0.647274523420463 0.596999572583386 0.534119993512302 0.967216017304853 0.969963382345387 0.899517080736369 1.16641185995298 1.38516588178800 1.53676080571519 1.37826758574489 0.771878565674068 0.766937920974014 1.54065318131243 1.31696228017967 1.13477217680267 1.05979389891119 1.00890070416979 0.815920592738717 -0.0242193547628270 -0.420572275803673 -0.446734611558300 -0.625215483612893 -1.40901862492107 -1.46307401691035
-0.423099744458785 -1.42916789128193 -1.32316648339624 -0.790112607028785 -0.782222563381653 0.332498268067444 1.35464892023688 1.18756465233853 0.495871112162868 0.515016706417125 -0.100958416690054 -0.132140379983789 0.00489247158724859 -0.743723450541047 -1.75273199995484 -1.68369765547011 -1.48048725316489 -0.785091042807936 -0.651074515636885 -0.118234554776304 -0.0251431620629398 0.359066799926768 0.447160915364714 0.213895300093223 0.610224705307145 0.849528632449711 1.01427598134194 1.09210716517130 1.21794093102381 1.13830850772424 1.47193500783776 1.33823021179702 1.35788663952695 1.29623359479449 0.949898836896339 0.861495910973629 0.437944530844102 0.0679962709907843 0.569821424707639 0.190057430607544 -0.172495881929735 -0.824245274753294 -1.11075523798662 -1.93844652081571
-0.516412687856342 -0.760309227065941 -0.785999084996985 -0.531851751883816 -0.190851511908012 0.643877388570441 0.686141679148713 0.993966042145060 0.735723177511903 0.497886489798015 0.488886330763781 0.245244409295762 -0.247552429021958 -1.14488833041978 -1.58802158540115 -1.54605429594842 -1.19000096715147 -1.15982985420154 -0.920844071208409 -0.783433777825901 -0.594018453190461 -0.375815645374222 0.106452367018902 0.176575061421499 -0.116905807052192 1.05454679338405 0.597104488094805 0.934192641571211 1.57606849699768 1.61232928795725 1.57738201129702 0.997206496067620 0.760883788560028 0.679621872911863 1.15557817157220 0.749188599903873 0.416789992394436 0.454012714626360 0.289856402628347 0.471833082536399 -0.128902359330074 -0.394944487329411 -1.31235425735723 -1.12971806737199
-0.675794937078961 -0.765209478202912 -0.344923355879860 -0.519051974036076 -0.508919625969206 -0.123352101445423 0.360035932636087 0.856182584474682 0.541359830022817 0.186649846390699 0.365809071738591 -0.0951804188532304 -0.664242040325294 -1.25912186583470 -1.55548146749952 -1.30458898320658 -0.875335356158155 -0.964296857155887 -1.17962698218447 -0.979352379097478 -0.670255029414439 -0.431840203734902 -0.232787769732364 -0.0644383777736621 0.209443000769170 0.180004356973087 0.816608125005290 0.484411542200814 0.901953436900092 0.801753735816536 0.569801025762676 0.235228959335762 0.680926486267992 0.479909133957168 0.507747662402445 0.603982980795219 0.404398755796537 0.419047802733684 -0.202869853037307 -0.548569566395528 -0.553459947892589 -0.632833006271764 -0.882704149931135 -1.00767090348183
-0.900979796327698 -0.770821148474600 -0.0964829517585095 0.177522991777575 0.0901422734073206 0.612785073614134 0.257860219911753 0.518366671433570 0.376683881427205 0.196169456313395 0.00954424773732550 -0.331392376571834 -0.475433473018459 -0.469172953986413 -1.19097112469932 -1.09427630382184 -0.760094400710155 -0.766772015690031 -0.959863210921846 -1.03744469957509 -1.15222319445114 -0.540032626122194 -0.373399991339834 -0.343746036205372 -0.255618939142311 -0.0155496971966649 0.572915026372139 0.964703845931596 0.555828676917652 0.0735780582325507 0.445236841364365 -0.0444255519590374 0.351454478730176 0.571108401030942 0.488241613957462 0.459075353938712 -0.0824819479994804 -0.465742884304538 -0.274965190690236 -0.565183984220919 -0.737588819642045 -0.924098060119368 -0.994837824482788 -0.387987092008224
-0.389218414977552 -0.202704763519019 0.389944659589282 0.241269988816978 0.396143161972432 -0.0330526439872325 -0.378218464723520 0.252662432734589 -0.0226959506149538 0.489714519992564 -0.382389724473442 -0.246827010216265 -0.485944053616206 -0.970497968562503 -0.712198228275509 -0.828367506826468 -0.744713517595987 -0.522431696602657 -0.676300479916566 -0.463978633515109 -0.417827717635290 -0.348623626807864 -0.644815696552031 -0.106713844204926 -0.0709443902734020 0.437218313721748 0.484979859852836 0.963765433048371 0.892043650089348 -0.148124968130598 0.744493208665117 0.344793086746040 0.342069273507093 0.318499637101261 0.0155186438959458 0.133485249748641 -0.172806316821837 -0.353442858915813 -0.581691919941905 -0.730599587642383 -1.01153494558887 -0.911209104633262 -0.646948504842672 -1.00500917031412
-0.332730745531474 0.165488405153832 -0.291585088523671 -0.0164695412368867 0.467672177847186 -0.0142580164130110 -0.198149274582546 -0.413902165998308 -0.0668664946112191 0.504101593555473 0.311915158407276 0.224694686197939 -0.223810472170325 -0.762021920810698 -0.824354560717000 -0.372946282940592 -0.780434516797709 -0.819209323998919 -1.30219367745433 -0.396498873506079 -0.547281084318272 -0.299727925382191 -0.267448259865737 0.0229613941590410 0.0468457637510726 0.342242683736319 0.733425282535297 0.115390710995227 0.0320182330079942 0.256301325406238 0.116230812721058 -0.0322143469661889 -0.434661327849362 -0.346447923026154 -0.256469111093654 -0.503556469059960 -0.650498032221806 -0.860254913390434 -1.03835023265614 -0.608975199027462 -0.723927859016840 -0.611556085046907 -0.562265583999948 -0.982378431585980
-0.807230164333662 -0.0856281181100589 -0.239482089230888 -0.273903414200609 -0.204062013800722 -0.505751918113612 -0.324490833351282 -0.492315431405130 -0.665189981360860 0.286091051892303 0.678208028057113 -0.0131682608205163 -0.735174313048430 -0.274638486269732 -0.292784914166586 -0.733038569770509 -0.141175519147653 -0.595537181232305 -0.945886543650390 -0.567139746007082 -0.774688492757099 -0.217802809576035 -0.335662082328600 -0.171922114231127 -0.0309556303506044 0.336075512220017 0.0564907698917526 0.440872924017757 0.0600102798032758 0.129500854793498 0.267052793903624 -0.655463553590897 -1.07957385969892 -1.08390264826553 -0.292584374984308 -0.946404969321499 -1.02417445319204 -1.02324381363316 -1.07375007441419 -0.964557999927416 -0.987863094023087 -0.576205742463029 -0.274949799890083 -0.557721835894764
-0.306080011744545 -0.269532895983870 -0.402082565306445 -0.861073504694063 -0.297117754956432 -0.404268467601572 -0.191735062162006 0.151874829003231 0.205516559317769 0.295213416876612 0.306665222655349 -0.0994246206580594 -0.198867433529978 -0.288137200390017 -0.305418297519739 -0.803136185610813 -0.433708477065689 -0.604363137454063 -0.577360978701819 -0.694397650564944 -0.883471081154299 -0.428390764209529 -0.418470602994634 0.0595567313068520 -0.667852542143547 -0.431722883685461 -0.215792275865471 -0.0540251386511138 -0.384032324817418 -0.226096289959936 -0.159797762380714 -1.01485359198488 -1.21804012282649 -1.20995362324018 -0.951490818355753 -0.698751260420068 -1.22088965731082 -1.24758888649463 -1.33677725170978 -0.817931272753733 -1.04150899027384 -0.811763268843975 -0.912816815534010 -1.06612667882341
-0.624765684042815 -0.426183333891898 -0.955822850179775 -0.743491005011305 -0.501847285165977 -0.438686834254118 -0.544969410241472 -0.639824420374881 -0.124968223147681 -0.166407619178298 -0.190927287718505 -0.119233076805073 -0.0721836124028588 0.366570528867168 -0.203463147116439 -0.305424281943771 -0.0910461859299808 -0.604041497290821 -0.959943288584052 -0.584029747173867 -0.0340947931992338 -0.129283968340177 -0.394149763032620 0.195822300282720 -0.0248226310332531 -0.663654139072254 -0.538254510477680 -0.332454687138109 -0.284243603853231 -0.523205132828164 0.100995777351356 -0.501844319638981 -0.751735125716726 -1.32723915001161 -1.11114238428440 -0.827315390413418 -0.933844502477450 -1.23712574719513 -0.420698589787925 -0.134086979327930 -1.23679875590393 -0.905358489196831 -0.911279941965418 -0.848716583319040
-0.769464967405568 -0.0676029182731905 -0.852781815306488 -1.14923866573415 -0.815721167022978 -0.815158425950480 -0.434061963058414 -0.544655102192490 -0.559794254973412 -0.239226663646938 0.241829584058763 0.230392172104430 0.465817245333214 -0.00295515354196552 0.0746648003860715 -0.555849192131150 -0.639052817522303 -0.409149229086248 -0.918637287209753 -0.453808822621119 0.160037321192316 0.194574307352395 -0.357653361767477 -0.306375501451978 -0.298281620564285 -0.618575109768465 -0.603944525404929 -0.662735883339134 -0.536522854875077 -0.533075910143035 -0.148951145785859 -0.391020508514490 -0.824719444390244 -0.827517348701761 -0.836994093807731 -1.08524825454924 -0.806625506695980 -0.786111400685684 -0.678050906950293 -0.449648370159527 -0.382590009648030 -0.482472049346235 -0.471734138608822 -0.386089650194806
-1.10947887940821 -0.732979441632014 -1.26797460866856 -1.47307014307857 -0.548765687682422 -0.522773625260436 0.0556328272086354 -0.0635059116722067 -0.159667716427499 -0.0920711203770804 0.163849175552885 0.370996748649791 1.07246282386327 0.679760305983837 0.160602093422838 -0.528546648584469 -0.382725171927369 -0.367889174982630 -0.839546037802092 -0.281143530350887 -0.270175541806136 0.340389951267793 -0.431804942244751 -0.387450470006913 -0.301098269021705 -0.831769433818607 -0.727580572836660 -0.648994135878744 -0.453050502557941 -0.330057277340791 0.0471044290178181 -0.320037959256780 -0.733822160723067 -0.853107953469761 -1.10678452873338 -1.06125529828458 -0.470658722826976 -0.736919606622261 -0.869760043884737 -0.597559436311363 -0.737722226976033 -0.345969893475903 -0.512365225689944 -0.353627465027400
-1.39621820615950 -0.775445568414349 -0.931503204689975 -1.33462982925297 -0.408838813661870 0.134262503114124 0.0602275402207975 0.0617023653556594 -0.819211883130699 -0.236635088251062 0.388217526890139 1.04527170445753 1.29506481206128 0.804852337993352 0.494440036451128 0.373762093617485 0.0999988041493488 -0.348647928552061 -0.375872663973857 -0.385579096835111 -0.0324312303273084 0.553525146604481 0.0806892297081593 0.307307387780651 -0.331043561720374 -0.646471176265731 -0.604303929029100 -0.380704068321722 -0.500111401709565 -0.299546947112200 0.181300749947011 -0.753770486185338 0.138134774186597 -0.502865525451935 -0.966724371361899 -1.13466574304032 -1.08980957790990 -0.721394283667873 -0.657069436462184 -0.0910462319377686 -0.609619652136683 -0.524809776367464 -0.0998261403141543 -0.267950301274330
