base_Gaussian_field1_fig8.txt
ncols   100
nrows   100
xllcorner   0.000000
yllcorner   0.000000
cellsize   1
NODATA_value   -9999
[rows 76 to 94 of 100, columns 0 to 43 of 100]
0.990814052678013 1.02299916085067 0.159022221373296 -0.118167446011497 0.106344199610077 0.0907078365400815 0.117484751566813 0.669934414363404 0.433448376211717 0.251282205169947 0.468859241811562 0.818103043673334 0.656467415909098 0.451882109733584 -0.588585593266702 -0.723576940972839 -1.13335797706452 -1.50953519354843 -0.969094241896171 -1.04450323677453 -1.23507579060860 -0.840648007514090 -1.27742443397389 -1.22711293557584 -1.26717763632919 -0.511627141554890 -0.0655922496336268 0.00294305692581640 0.357800385816483 0.849099055415250 0.990259106545525 0.895746693183215 0.491504875931301 0.175092601759948 0.352134515873667 0.0784329985718554 0.154534327542193 0.873175773797970 1.63735239975536 1.63291449212378 1.52899689803741 1.53275831382971 0.773383015016172 0.187481369632169
0.943490085174026 0.473090323445751 0.550089119019073 0.859164366713516 0.333926743138405 0.707548613644268 0.830456084451728 0.805703776776258 0.936759781539054 1.07340772533987 0.812459028912870 0.128626714344567 0.617127945751778 0.505055322765648 -0.185269646134082 -0.517752526243242 -0.889981124833190 -1.07199103062788 -0.955118244818511 -1.25087657397184 -1.45916694035780 -0.847357507375410 -1.14444338411326 -1.03324442290299 -1.29839816055110 -0.424659158905191 0.105532381040969 0.00699640318514827 0.418813467782837 0.240774528070522 0.856986065318310 0.852529886530451 0.886043976766434 0.363587097864138 0.291157063424956 0.146358301311288 0.583274167362059 0.791709376630922 1.57226630959930 1.18204652814214 1.47031243989735 0.908944253975942 0.414115819270563 0.0672289405690219
0.898104263797389 0.314517558022296 0.893451332887602 1.29287650183764 1.50517667000421 1.42191324397077 1.27614714125747 1.42218866597144 1.40923948202322 0.888090203115349 0.705107575649183 0.0550457768403931 0.287885475981433 0.608653009598632 0.323021400949932 -0.492116020882269 -0.356118233480265 -0.595418282759960 -1.11627778854744 -1.41052083229913 -1.26015931682311 -1.39956011308561 -1.12053542263092 -1.26332232268493 -1.14551331651920 -0.889804441283458 -0.362098158949779 -0.394469534230823 0.132008352390096 -0.0232092164044185 0.183109863529491 0.635811064774729 0.969213159689255 0.329214355255528 0.416513904295289 0.530561703310092 0.752648680296621 1.06460441836095 2.06805593591540 1.69298928783775 1.27277743789173 1.08209726324432 0.237873158294597 -0.203828349462159
0.282010581038072 0.529352640329186 0.841031392017700 0.634834898195779 1.45982863561441 1.52691149761331 1.00520762087759 1.06240576315008 1.01381378933326 1.31200902157212 0.492638210515563 -0.214346766681516 0.315856033787580 0.422510910695618 0.190860019809572 0.236335593381602 0.0571515844740718 -0.235864216398788 -0.591909645524236 -0.883000325446543 -1.23141592498950 -0.750951303312582 -0.904324862466502 -1.20677972582365 -1.14127751731624 -0.822324647910159 -0.983389912259694 0.151811247989776 -0.212715128320142 -0.528632971637370 -0.0281223378762992 0.161316260428556 0.766500759142245 0.270606339884395 0.0327662104828412 0.546486876173454 1.17349569713327 1.36685143727803 1.86630804640543 1.87672525799000 1.26042671582539 0.853598910464216 0.610594217510543 0.0160752676025168
0.222284221925636 0.198589975182140 0.332078938678112 0.574086534297670 0.512883016383650 1.24204780460462 1.02519947818328 1.15067187879840 1.49597067709882 1.25600478303787 0.661911634542414 -0.303887071860454 0.106044637933120 0.488005470892854 0.540944941334054 0.378184974658713 0.189881803348864 0.238019088228218 -0.110064017382539 -0.538201724431600 -0.740434186429167 -0.708860609795220 -0.476652752592487 -1.01290221440103 -1.01352318388061 -0.776652739269146 -0.668047255246505 -0.400604947841886 0.126781179516823 0.350178998824350 -0.237699022284444 0.0965171789171925 0.412063351199573 0.343300866116911 0.466917223614504 1.09831018072543 1.04715561303116 2.03809728098245 1.86571359495086 1.42541985476987 1.20501286522200 0.722157311034176 0.609023933651702 -0.0535399177437800
0.129836919172850 0.229018935004744 0.550878197823764 0.716863347543268 0.526447117049683 1.45273165351808 1.46518306659232 1.57817172248792 1.73484500654513 1.37686161535210 0.750092777766381 0.390188502004125 0.441144238683097 1.03741002751204 0.950049346575600 0.390308353280348 1.00842702573944 0.858465135471621 -0.00660965071466541 -0.250725751218129 -0.0935324368007655 -0.591688076842648 -1.18614135755624 -1.02333195716590 -0.640027920311111 -0.540151756877995 -1.03201734746079 -0.421760817684002 0.106846329528558 0.430921576985935 -0.0614304297639262 -0.234075858220770 -0.307565609530862 0.472707929564378 0.197878901673093 1.11624775054165 1.04638281922101 1.49346311720379 1.38146865044998 0.858969336798231 0.447447010868225 1.05110310067914 0.628111621362891 0.0374106482487791
0.245464232796986 0.359636118937029 0.678678653939495 1.11548053304920 0.910146419793667 1.45986354736055 1.31000927552265 1.77907568932892 1.68157008474909 1.62139231605485 1.24989527559140 0.942685265718227 0.830891707266189 0.852854189486381 1.10561411783732 1.17460346073907 1.08010426777446 1.39635465658287 0.935871283644778 0.408454374875663 -0.243665151469673 -0.290876949597936 -0.898837943198327 -1.37871665906762 -1.23655485827555 -0.801627122070011 -0.977810412098473 -0.750018784511954 -0.425066929657971 0.00577994038452562 -0.254474107828891 0.0421871302511493 -0.387016957841325 -0.453589892721251 0.162325447193662 0.870420469769617 0.769013682327687 1.24993897827250 0.681129485354074 0.621884958727424 0.906635913292949 0.621356272019932 0.735424713803697 -0.0807254266377903
0.633143356954804 0.305760998609964 0.718024254801584 1.28006715315041 1.52386155605544 1.90811615401438 2.20265297132372 1.98954788639256 1.40013020653264 1.95161789550807 1.61756580162881 1.89239091281680 1.42030453735501 1.02676898924125 0.761364918862471 0.680739689692540 1.16231026157507 1.53425452411626 0.721498216216221 -0.0979049877103969 -0.318888035358616 -0.434956964833929 -0.697079269827481 -0.776796195814815 -0.842711705746782 -0.995748092697545 -0.906189397061744 -1.22450785870745 -0.225073818814345 0.168491759422185 0.131269556535734 -0.451170410054170 -0.705733049190514 -0.806194006397762 -0.666850596843998 0.0398701420516566 0.628803302881957 0.695562197919593 0.451980094860237 1.29859934599639 1.02893067135901 0.745318475124484 0.776629761861747 0.378667184147517
0.100770915601410 0.484457816790070 1.01557252291197 0.994404820955683 1.80025925555926 1.86729942178987 2.23684118095755 1.93821539564848 1.93804810577371 1.83310939895316 1.96917821961985 1.78443475488031 1.67264115177713 0.979072277263313 1.03527764007466 0.787803664388016 0.704019442239215 0.588921726532494 0.176906827799184 -0.237991101079927 -0.626768396223567 -0.315614951639085 -0.0997291869166978 -0.0488364929218257 -0.770287299777784 -0.717556874129955 -1.04385449843871 -1.09463219282630 -0.526981587039535 -0.231105435292863 0.407552736772203 -0.698778254664479 -0.968608933797841 -1.48829489459415 -1.51049332597655 -0.593293507866768 -0.129798462629156 0.467193546376074 -0.00144903261610657 0.617808473336163 0.495609726264920 0.186715431182189 0.727802848685971 0.373343610511877
0.290709670288650 0.321717071575841 0.973045436669877 1.05482463885634 1.13979719139828 1.67478330870585 1.83356325083455 1.73170236409834 1.47607939016097 2.10994334906905 2.05941737826009 1.70275099470032 1.90815971221395 1.05624263824057 0.529773145973784 0.266799596277387 0.226093805121075 0.154817474067506 -0.507771863883888 -0.249693957124883 -0.241287687911261 0.105335573645599 -0.368816118538115 -0.407561854627770 -0.553738871926208 -0.889485752815827 -1.49935429352765 -1.02269085549572 -0.999118697563165 -0.254319720496890 -0.401303805964062 -0.430453605143535 -0.913425653521917 -0.994578841618577 -1.34592739409032 -0.298724607136181 0.281965050546845 0.0469261688919055 0.180956804932337 0.0456446019925338 0.234754842897536 -0.183615323693734 0.187822036300388 0.0680037229141688
0.0847148557272881 0.424181883660153 0.784914973418594 1.01911743602628 2.08604494300181 2.00206398349916 2.03376670558847 1.52968382750006 1.70741736169079 1.68445090239835 1.56253419400483 1.96599642082279 1.41517060800342 0.754693236225302 0.756611213384052 0.398094107255604 -0.284854780419204 -0.461294622297649 -0.375304695666062 -0.638517748010142 -0.224235944153914 -0.402603684275124 -0.385830283627358 -0.949891881703157 -1.21800088333212 -1.55225385773000 -1.75867099428166 -1.24654676154718 -1.47135985154286 -0.908987668037799 -0.830511636129085 0.0111590193816313 -0.647225989357062 -0.926526034014039 -0.535439636740668 -0.0641693005532809 -0.242865377280157 0.254717735016623 -0.513613293645927 -0.362843212326549 -0.359722694695865 -0.386907857650423 -0.801366179046299 -0.151589448422490
-0.122680650552900 0.362618544630074 0.427432508836935 0.560848567836154 1.24074429325389 1.20885004034030 1.95034203450114 1.97191925363737 1.70763073640316 1.37598699249834 1.28051476233253 1.55983655665104 0.853844263879523 0.712184540335935 0.0258757875515639 -0.285906448134177 -0.412059372176492 -0.875194402743940 -0.595343282747385 -0.356072506877672 -0.685986426788204 -0.907935251233317 -1.47944144045930 -0.922427243613545 -0.772994698497122 -1.31082279350751 -1.57880361151684 -1.14438325409312 -1.88249827139935 -1.59224202106738 -0.926152796835191 -0.441396850367440 -0.717479990428140 -0.741154894721886 -0.412474839000387 0.281482778367703 0.393594142880500 -0.596711962121652 -0.599907024204067 -0.516353742182656 -0.706175893436672 -0.675511473585318 -0.625286007156892 -0.209294009766162
0.154928477367858 0.126714081870778 0.432928425104636 1.13469298114023 1.28977503476897 1.38184442917312 1.37770991663468 1.81723952022776 1.74025562544861 1.30656568985808 1.13036443342106 0.977950909139533 0.751930024924737 1.01657335508364 -0.160889830477927 -0.232343092891252 -0.405742295541003 -0.332950732391957 -0.323343502084917 -0.496797545948334 -0.234555507776464 -0.697859487016046 -1.06841408215512 -0.733372625704372 -0.704608889098584 -1.07507815221425 -0.815048388788376 -0.872363843959224 -1.22196970345644 -1.77700696465156 -1.02712537002413 -1.23976912113032 -1.05904210476173 -1.36623118278048 -0.890142739265552 -0.203611053026155 -0.423030392839577 -1.58936608071590 -0.821511039946774 -0.595222405582357 -1.15340150131708 -0.578897034664670 -0.691986674416113 -0.906742684917735
0.209155106380270 0.451828093932180 0.337252006882086 0.790238606103869 0.776221839056453 1.20283317190422 1.29092234598234 1.09225699357635 1.47726347578299 1.42356456041047 0.819017052450773 0.667332382372804 0.0958663397755417 0.226696026207346 -0.0862109254297088 -0.514477838015842 -0.428344035193836 -0.703786135537569 -0.543022366668997 0.0106432181381351 -0.445258057233458 -0.648068285700885 -0.805277186120842 -0.782826782112194 -0.875091374293019 -0.787807279794983 -0.981428463962763 -0.988767092111827 -1.20730102504038 -1.45228240154525 -1.67636954463640 -0.846605736789658 -0.811753224297766 -1.23812158065590 -1.59061390792356 -0.380047813030448 -0.453843867375018 -0.905876996573327 -1.10884059360325 -1.27580706447177 -0.755870572148333 -0.248593051449582 -0.376396578647502 -0.868624847979695
0.320646963758435 0.746329777388591 0.517224573295112 0.883961216175898 0.935191378093350 1.16099249136987 0.847748554736902 -0.0892401740307534 0.883684945357466 1.29364630220114 0.823871232569251 0.616844724227540 0.147421814727433 -0.137708812034613 -0.891389878976656 -0.842044546476109 -0.496279968451458 -0.633542263623836 -0.608178329459266 -0.677871945362075 -0.659868709839884 -0.779950238104552 -0.544733826950771 -0.614521243241019 -0.384038816515352 -1.05529563298765 -1.19424016788109 -1.46374183998300 -1.45906716690877 -1.65601024806108 -0.902755933141222 -0.608134487533219 -0.630497638863917 -1.01788222623891 -1.24240248099303 -0.833291995109352 -0.538003555663226 -1.05240023427627 -1.20260561019183 -1.21778231306147 -0.318491391039901 -0.199180765679167 -0.441334217525314 -1.17557009749857
0.539348279684066 0.549942741157280 1.41432532318663 1.38604231180516 1.41116681719504 0.872895378883759 0.672892022058874 0.613822651000928 0.444021380861017 0.776976604827848 0.813213110155521 0.449213405635980 0.0409324267619150 -0.317206581935966 -0.501367446509879 -1.02152543475569 -0.671233956726457 0.132448013815058 -0.0900055241022421 -0.295225263874057 -0.658906671811752 -1.03117571253808 -0.674596089551407 -0.388253941248889 -0.328122937285789 -0.992878905270141 -1.04191269128606 -1.45037722318666 -1.06108240607472 -0.742437494555183 -0.465288316593011 -0.345742784032069 -0.494588609713604 -0.542961463481040 -0.662991296725114 -0.390702381928109 -0.710968300241246 -1.11332547299350 -1.29919193682220 -0.781784278323726 -0.515554288965332 -0.718753217499133 -0.822826407872297 -0.690434115952149
0.352328032673004 0.877867247400645 1.04454174209739 1.46453350216353 0.965083100053779 1.07622096691239 0.612895114384825 0.707655781417222 0.410152544650795 0.913934482468336 0.682535071046324 0.282214871016426 -0.292757259939174 -0.484759408571884 -1.13263932850382 -0.330718739762100 -0.765061616794998 -0.553682763526683 -0.332165294830956 -0.270025191335154 -0.109204285299055 -0.812997130567492 -0.793139438562807 0.232197343890645 -0.279712597983048 -0.250486097747263 -0.992734213861154 -0.947326278519125 -0.758691555522308 -0.472966476355813 0.299522219586160 0.266590268496611 -0.411935796104904 -0.585155425227810 -0.176092814523815 -0.176733631549425 -0.666426617170120 -0.744636737610838 -0.998356163336551 -0.630794621290304 -1.05637165528758 -0.307988178477955 -0.569189670473363 -0.411207189975705
0.230112291990186 0.638890631655713 0.949508548475082 0.865258046882428 0.680161086070131 0.627401047446398 0.240088068317199 0.504957987648844 0.196501463501701 0.360911707520036 0.667824629305325 0.212259223673772 -0.948038842020484 -0.515189625743980 -0.116101423805899 -0.843578512218445 -0.0898793354114654 -0.165730623627597 -0.000696036350342236 0.623673638161514 0.420387590944623 -0.111181206309005 -0.0417410504176952 -0.0631935099001079 -0.0260851405012531 -0.792564723471007 -0.809366390202802 -0.574135753816290 -0.737831977002462 -0.503194665324163 -0.639393776542857 -0.681550111048886 -0.761138239046860 -0.698279720991948 -0.630304572133166 -0.342122386835065 -0.681906169782569 -0.617876751759157 -0.255980919055642 -0.551693493603197 -0.527874370751627 -0.565807847496112 -0.986488554171093 -0.643322020368584
0.720207475073689 0.808056942049455 0.891819177097113 1.03464239963522 0.587135411463349 1.14549156942078 0.477787572491464 -0.0927419161895546 0.599111544980862 0.470671922140503 0.810596107092871 0.230237534347882 0.128850592806122 -0.571401844896559 -0.253416270373288 0.0868458556973233 0.309227641832915 0.248059071915102 0.307396611661962 0.729270700217920 0.398695583651424 0.630256069004893 0.197277463934591 0.0702253917330790 -0.267778069264477 -0.653776325876083 -0.779963613409028 -0.616576056737713 -0.730103043454691 -0.796155578439874 -0.991478269284220 -1.09974161409336 -1.67332072984207 -1.26057638870553 -0.876561177914848 -0.575281524177659 -0.407934521307639 -0.715793489316001 -0.287491131151060 -0.516898156514965 -0.959681341219008 -0.824990491259356 -1.18011872574732 0.0191954000520093
