base_Gaussian_field2_fig8.txt
ncols  100
nrows  100
xllcorner  0.000000
yllcorner  0.000000
cellsize  1
NODATA_value  -9999
[rows 0 to 18 of 100, columns 0 to 43 of 100]
0.628297398720435 0.331695800627937 0.445156911358978 -0.302234105936627 -0.162748839361925 -0.0267229687612408 0.621101245250401 0.762346483860470 0.850307770815439 0.376802607978529 0.446167891062632 0.545533683646612 0.0653293050902875 0.536606378755090 0.313333957509295 0.527140096058250 0.997921975913345 1.12751794686387 1.19643382772555 0.969988936413904 1.01533712374003 0.926804832000820 0.894786954795747 1.33682775905726 0.722056182847559 1.44993211617770 1.21491580162541 0.712401302258170 -0.0214496226561119 -0.384208737318532 -0.317551664586190 -0.155380921880822 -0.968701259536390 -1.15476891688212 -1.75827967709247 -1.84950726855590 -2.05487128390750 -2.11502967447046 -1.75733666681160 -1.94353115654384 -2.04054281963577 -2.06805098871931 -1.66910202798210 -1.22806629235738
1.02994525755378 0.566904200272564 0.103396016567550 -0.315307521245295 0.202819700200896 0.671235766340001 0.375622427275052 0.931431856367501 1.23693424744903 1.08687278766158 0.940494281694980 -0.0136386350155303 0.234781068348081 -0.254905373526433 0.358002532533050 0.577124033428675 0.621848077139721 1.03922559886686 0.935013373353291 0.432941550627530 0.523056201700580 1.38181960538875 1.24852582131963 1.30315456398480 1.28801005687527 1.21695820504240 0.937340244594376 0.587454951359195 0.140521491289444 -0.463442669892626 -0.242202479284147 -0.413210896372171 -0.987738769355110 -1.68831792262552 -1.86453148815381 -1.79934085192296 -1.69186000314332 -1.65594124350360 -1.51567575036081 -1.80677070990908 -1.81883014061886 -1.45203615177702 -1.05445773436233 -0.695862748631800
0.580577254290516 -0.0414242630294275 0.127739685076349 -0.0809675132922644 0.305222388445974 0.839451306779521 0.938025097905843 0.688503834554590 1.29127345268105 1.53859619018719 1.02214590954841 0.420009588918572 0.429992639287383 0.407762340944021 0.497244529450210 -0.00669447153799899 0.299952767335186 1.07161840478672 0.904981973299729 0.473915470728375 0.0669213797731518 0.692437256530822 1.00602891981776 0.964897536700964 0.991500651546149 0.537685832525618 0.548129738196193 0.256743369083399 -0.327379861735921 -0.574924896295433 -0.555432370256630 0.204753857707415 -0.886333117932386 -1.42639780992210 -1.84087379193801 -1.59821263601160 -2.05399318028979 -1.81408358406522 -1.94857931608908 -1.89203927224249 -1.81995855076744 -0.962494732632294 -0.504281110187734 -0.460631336253728
0.245679594042197 0.0399933121497566 0.0140128476528699 0.131826478122818 0.319435758490138 0.439219389176806 1.21421944884384 0.815239009360210 0.575159110789890 1.54377098715955 1.47984958686151 0.623715177269699 0.585920231581099 0.938733913302163 0.693667701234094 -0.442331390218806 -0.141966922788162 -0.189735771665415 0.314751391603129 0.665165527598572 0.331264347417266 0.491572773710719 0.610813946346604 0.241002796494252 0.161777996142627 0.101582865088487 0.0706584292768378 -0.219042993056811 -0.198041219969067 -0.700689947048873 -0.733682337422052 -0.844108952995704 -0.906439521794288 -1.02843333387129 -1.43338858031343 -0.885861065754502 -1.79357037979796 -2.18577610349141 -2.06640545395645 -1.85674432292548 -1.83536829081703 -1.37781283906623 -1.12765856233683 -0.615563844839095
-0.409894694978506 0.0698794389351089 0.00959188649665743 0.433975373493434 0.391511712472486 0.483170161733563 0.514526417989011 0.813922590159794 0.819821175173421 0.799716348201507 0.962745337663374 1.04172180885912 1.17329590768474 1.54084322033546 0.432643521496247 0.369433585975490 -0.373754375126317 -0.860172553510595 -0.320824657240343 -0.440016916968378 0.675414286520902 0.176759461877446 0.233740014581675 -0.102339027308943 -0.482849987446181 -0.208499042597209 -0.434523177410805 -0.468031705806115 -0.0279242916124899 -0.416416514966372 -0.816261884871998 -0.591643528828288 -0.788364843932866 -1.09832355775133 -1.12892853619391 -1.21662501654542 -1.54424898317093 -1.66598929854239 -1.76204446827709 -1.12380818840488 -1.47108182473932 -0.920201824102329 -1.04761830023759 -0.885684778691720
-0.147714526777062 -0.00793994431465578 0.281080999475137 0.825843448833885 0.561180043813368 0.451075048784614 0.653884141274961 1.26532204019164 1.18490535287157 0.942980854918460 0.818187221085076 0.913146352327537 1.46270866099977 1.40477961490953 1.25160782781340 0.546801646432597 -0.0463620170201372 -0.0540368258245192 -0.631900953231018 -0.470872203972725 -0.000268268277490574 -0.101346488263461 -0.507232894313654 -0.428476539053997 -0.749441107990279 -0.408654568354988 -0.551524301540826 -0.671226454813041 -0.174354537501935 -0.509752025592937 -0.757976243513193 -0.603043216613164 -0.761658387163031 -0.555671794241179 -0.492426396388892 -1.44460360266794 -1.32394664750376 -1.14731067119324 -0.911387817143401 -1.03392290882297 -1.45826444420154 -0.767913138897376 -0.865137380447005 -0.389004244952200
-0.0143174599184931 0.551293086844615 0.403263685133390 1.01709394055631 0.730692146298697 0.500086523829352 0.934511824943584 1.53890595234438 1.29373144931271 1.03116619262789 1.02948524616973 1.06682387361308 1.07702774530632 1.33698866058585 0.812023434239471 0.562140221440172 0.777423445838485 0.845643677674111 0.195068936736438 -0.168838110073590 -0.0641935475947429 -0.388440683103390 -0.455567715721935 -0.635524969522541 -0.284253686055510 -0.588857947512879 -0.622284146612723 -0.902174688959980 -0.713691694666822 -1.30559386540197 -1.09342967255016 -0.710602675665662 -0.782409593041037 -0.697954532360328 -0.948910542047829 -1.55372884040310 -1.89879546603066 -1.68343667945938 -0.915538967042809 -0.848579535386035 -1.29272515690364 -0.530849003178569 -0.461975743126780 -0.181229914168398
0.104564550538915 0.376491929435434 0.931638080090551 1.26936257167145 0.971874257144679 1.04595240576020 1.36353651268912 1.86443355585211 1.19041283088522 1.07662760431465 1.18819684676128 0.837934679129657 0.826888342559283 0.293082829980864 0.348988901444545 0.908461837018984 1.02999463310611 0.538378279123869 0.307445861873609 -0.347778115112382 -0.267740380237663 -0.505444449200746 -0.593312940017589 -0.940234739290472 -0.939748715953051 -0.651190560720249 -0.770731733578233 -0.714309087817240 -0.337829263645528 -0.156201430133674 -0.744985564497171 -1.06107984055991 -0.577643142459034 -0.927643781607470 -1.17115841064460 -1.66580931693216 -0.987451516820411 -1.17479177042251 -1.20741777733554 -1.37112368072391 -1.31844444402391 -1.13954536561940 -0.748233820250779 -0.145451620528787
-0.286401390336806 0.424100786574888 0.949650496411792 0.951373438673324 0.779958111880938 0.788455863256869 1.52108619991780 1.62256433296421 1.48998542037173 0.980832739351390 0.676048275341806 0.663908442500623 0.145329183609020 0.382521550934299 0.564828882799679 0.376223423219014 0.0270890511652188 0.162270253406674 0.375169877324475 -0.0493083801931147 -0.192702810404771 -0.266449836443733 -0.636691475765060 -1.07258056472462 -1.02769227685343 -0.859453164370878 -1.03978768142266 -0.613922256321075 -0.610959388243837 -0.467035367700523 -1.13529666654402 -0.966297278920718 -0.883371940267692 -0.813725240073149 -1.05399602800111 -1.03618433533767 -0.892301995892950 -1.37256101260367 -1.62598116379149 -2.01386008657204 -1.50834888220525 -1.62799228008343 -0.584774929326396 -0.803373241098150
-0.688219949349987 0.193317657648635 0.0401915599983449 0.394219960434127 1.00484521071143 0.547854215972266 0.642266369292742 0.763243719665172 1.17459853908917 1.00351313990175 0.695049581546056 0.392574909291940 0.937939492812164 0.511055900859741 0.469165944823251 0.0336771826958394 0.469441999569732 0.532550726127187 0.164554021687629 0.0593127010040824 0.244497325627082 -0.748605268273255 -0.411339844522966 -0.810434548281415 -1.00443178095970 -0.853033958986448 -0.602561022749300 -0.955942032038632 -0.997005647217420 -0.912407973975970 -0.515977381418961 -1.02399138255385 -1.16538293821564 -0.548660979778227 -0.238312575252200 -0.702881448549098 -1.21664754155525 -1.69371709130278 -1.46702916612361 -1.53809043993164 -1.54453479712222 -1.31645036719568 -0.893374368236466 -0.565739058316274
-0.212361326977221 -0.724196440159430 -0.319279876726549 0.308230789092902 1.14001832815825 1.27825094972189 0.942835065077804 0.834358933119902 0.325398074506871 0.195382199589758 0.409877076757099 0.409682308431773 0.793499301840012 0.613312186507000 0.996260300350984 0.526703644902043 0.266132005687372 0.446181786372250 0.844963737454697 0.232962902222378 -0.236239048462500 -1.05175302138298 -0.775564563923690 -0.649069206108193 -0.522727805968367 -0.809546085689115 -1.06186422064135 -1.21861801900450 -0.466939126215062 -0.665187759081749 -0.430328446208784 -0.404939567678383 -0.881024107427759 -0.546977841229922 -0.389510645953044 -0.651231781271888 -1.18079486884462 -1.29417832407142 -1.47219278655311 -1.49545194651101 -2.26036992665689 -1.76125735576312 -1.75734866277896 -1.02619887428561
-0.558961832587343 -0.497820367454057 -0.559559737208415 -0.0565668739519250 0.624234286777100 1.04834183645596 0.844330386439682 0.831003631488736 0.832164926365051 1.02475608943669 0.800427036186637 0.297353196085512 0.733482601582524 0.776576565581140 0.840916342727495 1.22535518251697 0.862571931746329 1.18395746837467 1.21487408971973 0.0419198743516725 0.0148103893619658 -0.701412119164802 -0.332008993009185 -0.860957638380337 -0.382585306799731 -0.713830072946848 -0.889416340862021 -0.844289459838304 -1.13147381874709 -1.13590586287720 -0.466220602406872 -0.804008376528426 -0.577546346454963 -0.230869157906341 -0.0770704522229156 -0.666318680360513 -0.740595569775387 -1.12395734412036 -1.47009707078871 -1.85266705871150 -1.98214164268873 -1.91426471369203 -1.37141151489056 -0.713770503770280
-0.828415692188361 -0.290484359301804 -0.363048476907021 -0.0667633146377466 0.174230860763355 0.227839992145729 0.292430197643120 0.674468513498417 0.878060989530090 0.809832495519831 0.672243824191740 0.725729020215856 0.689066824988940 1.44217977941460 1.28023214416482 1.18476967729336 1.44619331881048 1.17662548696387 0.877109921444219 0.257413968589991 -0.260803542692995 -0.00443241950612439 -0.0467636179901278 -0.0559570151553097 -0.390647001060112 -1.16448576293404 -1.39395099465110 -1.07519983464147 -0.999109735677272 -1.47832672006026 -1.21277527534331 -1.09116030582641 -1.15188799033433 -0.492931543964480 0.0215350299488751 -0.387359702686524 -0.497763204033983 -1.03070513766605 -1.31139527520512 -1.80595879759935 -1.72708824117026 -1.10439312205215 -1.28474050689533 -1.02626990920184
-0.145443738010446 -0.0285356011042403 0.255545595481603 0.0874570417676620 0.0142292017325950 0.431067065858288 0.553354188534184 0.491710758228012 0.239567723990973 1.04743558914112 0.499592601610845 0.708185071252492 0.618889751762424 1.00857582764131 1.21449505009932 1.54190106893654 1.61739572109470 1.41905493166101 0.987208782878437 0.427043738783185 0.568221060964325 -0.0591179362690474 0.235424035730071 0.134871276922324 0.0877788577123284 -0.712708737028655 -0.299907839520042 -0.274733821260716 -1.04503740082464 -1.11193388050515 -1.05503115155644 -0.936585964861329 -0.954151113153326 -0.748192119148848 -0.540672729262624 -0.265039652987644 -0.0902846352803005 -0.761182577487735 -1.25350663572837 -1.21884378533759 -0.637823320689591 -0.870386176316814 -0.857373097726943 -0.694421572386304
0.749800657852524 0.0986093279346566 0.309780723441411 0.0958507201575430 0.0849166114558661 0.349851945395239 0.259902990831864 0.420108238321261 0.924331676894572 0.358434210710590 0.633532452472118 0.948197516206579 0.981560235510345 1.14222826638174 1.54264172706536 1.64972987370773 1.67043121200934 1.20165249719269 0.664711307378214 0.905748415611514 0.836211334013563 0.600943903223339 0.373043545918555 0.229716933849304 0.0311928089353707 -0.640943895643265 -0.620951095769820 -0.268002553775792 -0.734342965926140 -0.538996835554322 -0.897134477329866 -0.436718143653867 -0.776715968799107 -0.924114327793228 -0.494293478115180 -0.282168045130047 -0.511924231012452 -0.895347609075552 -0.872708251217993 -0.559430694341613 -0.621289335113975 -0.555689065936823 -0.773859187692268 -0.492815749512146
0.415690331278212 0.482332929309323 -0.0319847780574269 0.0831542372023169 0.0108126475038544 0.226295973476718 0.623945244519206 0.881189843744903 1.05225907049215 0.919435602574315 1.03279216444650 0.805253227832348 1.29213155053778 1.73284464837968 1.71967408391505 1.50466057416457 1.11342563479278 1.21270307523587 0.865216657401324 0.836834797377932 0.585532028155320 0.856810715065245 0.679450091059633 0.453194639720977 0.0219302605634396 -0.151517679326292 -0.550520997252971 -0.738511501953388 -0.687669281525056 -0.774926561919095 -1.05905661868914 -0.711010635920769 -0.356622671454514 -0.485101140346053 0.169772405974147 0.523116480351917 -0.00625810451113541 -0.189446672804592 0.0330788315004537 -0.0828483739245349 -0.617074147365023 -0.460752164232284 -0.689335343910315 -0.538230333638113
-0.572456471613066 0.191513974478321 -0.107437668374076 0.0470168609121690 0.0167377558538209 0.497290760900611 0.733096082580463 0.954902787975164 0.804630451484431 1.12279240060057 1.02544604178261 1.36864705609621 1.46809265740472 1.67142448624467 1.75404175406976 1.58311670051675 0.816987122445831 0.598594008644151 0.570147675707244 0.772551843753620 0.545365943084704 0.701406351731187 0.804855506681240 0.736890635185486 -0.0239537841705627 0.180961389221178 0.294789560262071 0.459039379156409 -0.420654273722980 -0.744967752018675 -0.595049462595112 -0.735130924735970 0.0726793058584248 0.176971453510681 0.940595132325078 0.570917278378294 0.425133308939892 0.146279172159116 0.254554647125622 0.208633951339116 -0.103044392750911 -0.202775814027231 -0.659644620000997 -1.00861369512360
-0.513105032182891 -0.226127785977474 0.121857537443691 0.541095323679697 0.232097768862583 0.878277241016733 1.68841997342299 1.06826845411398 0.946302226288708 1.04679628785275 1.04293189252520 1.52870086598872 1.56933869873422 1.77461461621861 1.41382953280438 1.19940745148969 1.03842319363355 0.768653696944088 0.930314954272105 0.810039244465008 0.732384781908040 0.527353498118221 0.580266714319317 0.401252644256132 0.165503855753306 -0.224647717906497 0.259251184510644 0.422413506778455 0.00856731179252757 0.131722759944508 -0.464043682908138 -0.435210414335717 0.00628600318196915 0.867539857738625 0.259692549202896 0.526882381737899 0.587841457951044 0.211843846166698 0.0152883238766386 -0.0259565804882229 0.0872622296001303 -0.599733451170775 -0.705915623459029 -1.06640265364227
-0.588062427499930 -0.586401249437377 -0.140105647226249 0.475974629028393 0.744117926045934 1.10634739066343 0.933600593822630 0.838891825297051 1.22112290905038 1.10572537829427 0.909814690488052 1.60638160923980 1.19957163631460 1.41706846376421 1.49986393603077 1.28431784852002 1.27394928789095 1.52093770511239 1.12256120457486 1.10623145553330 0.895955086604538 0.357707668519772 0.292308103293145 0.0887521809819744 0.521043517782870 0.720154707700980 0.111866123274921 0.358042893937291 0.0179597349852279 -0.0432035453175431 -0.557849788676483 -0.501049308562965 -0.0370790604318861 0.284043367568527 0.455117708943574 0.350367134211579 0.742305268943411 0.544170349018589 0.369343989285501 0.0984768333309034 0.0843889567977427 -0.478425565196876 -0.616522366916537 -0.971705985023036
