base_Gaussian_field2_fig8.txt
ncols  100
nrows  100
xllcorner  0.000000
yllcorner  0.000000
cellsize  1
NODATA_value  -9999
[rows 76 to 94 of 100, columns 0 to 43 of 100]
-0.0309459844178664 0.151585426258165 -0.0888082596432885 0.558939543874136 0.638109369558630 -0.0388436021764532 -0.188741243398819 -0.0230594310369935 0.318545329966696 0.606939170284711 0.0333679648238703 0.506171407869537 0.313778822263177 -0.814799636318047 -1.32211845490123 -1.33165797683177 -1.45869935077103 -1.65232117305492 -1.92579417080992 -1.74023026134489 -1.62880856999876 -1.38957258384104 -0.615753163679729 -0.725073335900412 0.0839360181931988 0.851015144688009 0.966724410865945 0.553918418062284 0.734105342220814 0.546027770961705 0.764978775235197 1.20511366750095 0.999439160150280 1.20332108468215 1.19219071975111 1.38207455327711 1.45030595669765 1.86078109892921 1.66695467797403 0.645744374705148 0.531077032452934 1.05798188447221 0.419452477981092 1.03891573395556
-0.0385513632508490 0.435913590642243 0.511645860047185 0.697168686641635 0.626237246881964 0.725442771213821 0.239544660706570 0.543024067363136 0.626935762467882 0.255593463604523 0.0271079472200975 -0.210220780982027 -0.896014615489622 -0.523371305491216 -0.562258231611173 -1.36218208150982 -1.60111919614589 -1.20711122933315 -1.37572087718436 -1.85708887723635 -1.35467685203992 -1.20941480291239 -0.957053737882356 -0.629484879287851 0.0552786214238587 0.874091760390396 0.959896906518301 0.573331777849527 0.878676177288566 0.678912775362967 0.868981311848461 1.10890687449202 1.04120202760556 0.916365469310091 0.865730558115614 0.778308795357333 0.900908578090539 0.832360118190012 0.725446926154214 0.969638742212963 1.11441790344844 0.516170610175524 0.512478548938293 0.318137219940949
0.254902011113786 0.699476341798915 0.521962159675035 1.53578298156594 1.20483189988603 0.507057245398015 0.723935695746989 0.351363175473055 0.467063362995934 -0.631094219673264 -0.560771211951921 -1.13547348515076 -0.810315035201171 -0.633115589496968 -1.18464964393419 -1.48588089143577 -1.90833147172553 -1.80686640199608 -1.89521743291998 -1.80335640585700 -1.81979142384779 -1.07595427446570 -0.915019985841069 -0.297308953815731 0.361833007267646 0.792060258595990 0.763861789643143 0.311586778680003 0.0403871342658613 0.0755577518831245 0.454375569329713 0.977318060305824 1.07282926098069 0.938928847538583 0.802500861707397 0.489594884257513 0.755515462195283 0.606483692454845 0.113849706487364 1.26143374800855 1.02042261502769 0.788748451777376 0.676176227088099 0.563154801192164
0.489491774745483 0.790610843117321 1.13104596934151 1.03798829108624 1.12556243444685 1.34044182953643 0.911107223197190 0.850707928210116 0.0753738139738472 -0.274764301336918 -0.849796780329358 -1.04615693367309 -1.04309620394659 -0.401927302787758 -1.25608364935051 -2.05215867457078 -1.68767222049031 -1.92775527128963 -1.90418495989365 -1.40402421100880 -1.53911681367822 -1.33958315609329 -1.02073674077189 -0.773502305084543 -0.604818651893469 -0.0321463170768994 -0.242004998388992 0.153706184943404 0.411054302489995 0.201863881244682 0.615595831458326 0.976917065872840 0.689386913521245 0.504314261668322 0.391704436720238 0.0903241919430439 0.454927231465923 0.869545553363348 0.675067955190122 1.04936414657591 1.35050590769062 0.919752731794039 1.00225130579225 0.482682010857555
0.495635596667017 0.889874364072726 0.783758654083503 0.758926366408028 1.23281401329938 0.849545770577188 0.385713769695933 0.284019535938816 -0.261121927625587 -0.488002892167951 -0.590882538524782 -0.731784285236430 -1.00336220375432 -0.645806707151357 -1.25604382718840 -2.06154001941439 -1.50645870205521 -1.53388796678975 -1.60410631141658 -1.17885257800489 -1.25639729853462 -0.987979146618620 -1.37060210274275 -0.964407319532998 -0.843398705827440 -0.750369377059010 -0.887138239452353 -0.752183541480474 -0.455718400972486 0.297421788444960 0.436029740311749 1.02128506522842 0.612106596923372 0.224079489036487 0.373397395137692 0.747971838986668 0.983648326797142 0.949810037424367 1.23137547976480 1.88431889375735 1.79067945179247 1.22782629202557 0.478152501908224 1.02136450229011
-0.00461483913072625 0.687441454629860 0.741487996378838 0.604705944713338 1.15580383359319 0.799140452067519 0.332572531641120 0.268375606589419 -0.268165523837723 -0.149778408100438 -0.453680112763681 -0.982052503795448 -0.894185443943112 -0.935642843285503 -1.58438257193799 -1.85742071835522 -1.45933612126060 -1.22448893375199 -1.73438996987634 -1.49383479752386 -2.03527759749605 -1.22000264016152 -1.21591462774177 -1.24244540162329 -1.18219921576908 -1.40107086741386 -1.02735638834234 -0.705029103454953 -0.982955998019550 -0.351486619541237 0.210262832422540 1.13455558118551 0.693510399437757 0.0855656839668259 -0.00321374779322453 0.403191633642230 0.500125276278556 0.903869944323502 1.23736237392328 2.15854137850553 2.00003589281515 1.72504791816502 1.39187386839296 1.01333013952777
0.538835480535495 0.634442785386517 0.869847736902789 0.326539804754032 0.248794832794664 0.395083185726605 0.0378066927924590 -0.524988943661807 -0.550102303866779 -0.921354047266605 -0.958421752126743 -1.00178521000398 -1.19679370815306 -1.43740265896207 -1.46124777102272 -1.63875448375626 -1.26101602290226 -1.34362323728006 -1.71408201208510 -1.53876172884345 -1.67762452279155 -1.69100000955298 -1.40784001500936 -1.48315142162909 -1.19639946680942 -1.48307593797532 -1.31873835093708 -1.01296260850443 -0.232702471192741 -0.403570531648213 0.00352958498135041 0.525346495614599 0.773392909966276 0.732551679248910 0.404759532109060 0.378257444579367 0.300925466749111 0.885380732286007 0.751215186199405 1.31596029286184 2.26124518749523 1.76093143573149 1.54011742971859 1.38797535699625
0.442516409755787 0.576592418999576 -0.414277901569948 0.201858740108751 0.0510347186423209 0.150037938621075 -0.253403990158585 -0.597837146806194 -1.10917123228893 -1.26688169950228 -1.29144345121935 -1.07739270372297 -1.58002372492936 -1.55098795979642 -1.94947533451789 -1.42724465439126 -1.17858358339938 -1.09743306378091 -1.66861274235160 -1.86275171252393 -2.21006676601587 -1.70727362870277 -1.38734050177978 -1.41858262360651 -1.65548819662692 -1.49977097332931 -1.08218560049549 -0.792207366971745 -0.189128945958958 -0.511272273664632 -0.221108538907235 0.158550698070876 0.190108538970733 0.677807766530114 0.789451959891723 0.424054147488300 0.362690240888666 0.623063297927047 0.796686607756163 1.45603935800986 2.09890705505230 1.62644528279061 1.23923581234005 1.41450471332535
0.170228701681578 -0.496969416481971 -0.298725188073047 -0.223283872549338 -0.312237770662249 -0.511615233289166 -0.403610272674526 -0.601021939465793 -1.10630922135492 -1.26690384895610 -1.28120500113313 -1.23319980252240 -0.880735148033685 -1.17051480625903 -1.11259385216569 -1.24049415392929 -1.41578950743142 -1.31668618549450 -1.67041884929325 -2.08517675693322 -1.96939148436924 -1.64323978056598 -1.43742728382734 -1.12796075032112 -1.01875196437032 -1.33947911105691 -1.05541416193306 -1.27246156007182 -0.845176955134661 -0.842172641990536 -0.450884288380100 0.355066414119659 0.334406771666554 0.865562689442639 1.11948914414197 0.828624346157819 0.741628817074441 1.14936960457297 1.20671799820462 1.06910619702989 1.67029649991034 1.08730473040789 0.964565914654913 1.10966792819882
0.172646692970947 -0.649861548760519 -0.451039206855618 -0.511322130159057 -0.292807961599837 0.0969872374906534 -0.797627431866374 -0.920531430534457 -1.28744824129760 -1.95348926036391 -1.68032019109176 -1.38310514450060 -1.07349690090106 -1.32973785439765 -1.17425658148991 -1.12172474176833 -1.70387309907285 -1.41255090194082 -1.50770421223607 -1.76350335469096 -2.08611235416658 -1.90458432037139 -1.46320328521106 -1.42629278038178 -1.13887199678068 -1.03314995229354 -1.03717292103252 -0.645523133819768 -0.431546345333033 -0.890217901194548 -0.00379638796040982 -0.210763185381421 0.684678870992679 1.11002284245665 0.998676843055433 1.14186622352105 1.16576242616513 1.03198866937954 0.895225445469235 1.23934893367701 1.09125033353671 0.739630775347710 1.09981666128328 1.52230931522727
0.416915215214762 -0.194454628036078 -0.103193545093055 -0.0884456933662859 0.0788622140008545 0.126475079040979 -0.801954525463579 -0.802407811686541 -1.59134220537758 -1.47640401895316 -1.67285278948276 -1.43171936150840 -1.36511528862683 -1.61710075263522 -1.51093941019988 -1.53211360238964 -1.77069116507874 -1.28878590892951 -1.11854953277402 -1.57759123961519 -2.12606163877820 -2.02270460304824 -1.73882859349200 -1.92398434448070 -1.43717181790970 -1.04851560942354 -0.704263054765845 -0.526383657419912 -0.309841477094931 -1.02940166023890 -0.202425690980378 0.610798989585570 0.553337886489585 0.743633031213578 0.577242152973356 0.765805690168087 1.13347774823446 1.18534617369242 1.09978641932386 1.16392232660392 0.898008250812228 0.680647999710909 1.04359138109194 1.77242419109330
0.608450989309515 0.320129585922991 0.0545763704265821 -0.184746906029574 -0.179692854162721 -0.398212134087230 -0.993374000581168 -1.19894552643125 -1.42788999139972 -1.47462098365576 -1.46236832852545 -1.37126020373472 -1.48163031913149 -1.42802978048875 -1.93000070364613 -2.01915623061958 -1.35930959675402 -1.03657676021032 -1.44924831404348 -1.78296588625001 -2.01529475935084 -2.18507658230217 -2.03806114725079 -1.68373693073172 -1.79265274767308 -1.13841098925573 -0.172932564641890 -0.128057683273896 -0.144882574826731 0.158651438885826 -0.101677604197903 0.685999603244078 0.710300339136813 0.779920581764142 0.381683595561470 0.896364261272523 1.03711329031620 1.33903701362849 1.55408578072661 1.37396665423761 1.57722809958633 1.34206831017328 1.23679762397563 1.18279445387712
1.48862683998111 0.238163616796958 -0.406012734804617 -0.731472504442231 -0.192121251797353 -0.707276021901639 -0.739795430671068 -1.03235085389353 -1.37023401350031 -1.62080874722435 -1.38127614587567 -1.14370670083759 -0.848074186589817 -0.999309232112000 -1.84511390364143 -1.82357943811492 -1.55667460533343 -0.830801584605564 -1.18606799265248 -1.28015904578546 -1.58394585673835 -1.76076292693753 -1.62915971189153 -2.08985649737573 -1.33936403852747 -0.627414863874262 -1.14220651212276 -0.520894878512206 -0.427988015169213 -0.479378939042733 0.306529091641051 1.16826320156832 1.81456722368061 1.33602895083638 1.02140618548276 0.791691526807074 0.728288415385087 1.83817142264226 1.32045083687874 1.54889582067994 2.10503746250014 1.66432333510700 1.58672470269398 1.32174744171638
1.13399524981449 0.461282033179673 -0.283019893739010 -0.0489270774180308 0.0561345859193610 -0.00542474203184593 -0.388554644940888 -0.456224613251693 -0.697103897874192 -1.40453189301033 -1.05337661073217 -0.660666594596247 -0.907010457823851 -1.21091674367232 -1.22902569760468 -1.54195909029670 -1.16796870102968 -0.987418198378226 -1.54111320766951 -1.53370294770888 -1.75566988624420 -1.69200336240001 -1.71194457775239 -1.62611664687060 -1.37789182431417 -1.27881627373630 -1.09381469313020 -0.912268227678496 -0.724556110378296 0.152929097441464 0.760276551765920 0.853024600135714 1.49553147274573 1.53854658798850 1.40275949975694 0.850226029157787 0.646674682978199 1.77032288725801 1.97568749892465 1.23856865992416 1.37512676819935 1.42807101514469 1.23053107304436 1.67132701550769
0.822969498141076 0.106587868624379 0.315651112054882 0.260813500432882 0.424434912925842 -0.143467983728345 -0.291175474228044 -0.611198540391618 -0.605144782370795 -0.609741681291601 -1.42983875802267 -1.16718625034450 -1.41113295475865 -1.22345866660297 -1.02179611151682 -1.38165669761171 -1.30313725516271 -1.24971849298173 -1.51770890272684 -1.52842637597451 -1.46226689757816 -2.08923969948761 -2.09175572110158 -1.25215375152050 -1.14550666354418 -1.60141015088009 -1.69871511384043 -1.50693747548662 -0.746266436380341 0.202071291683947 0.887555130175313 1.13372907996782 1.48178168202622 1.74558214984921 1.10515842292732 1.21053026013890 0.896790991897769 1.47772559375906 1.56246521925510 1.23295660797979 1.03403233877840 1.20134828783613 1.38854409154742 1.44779152506064
1.23368776560415 0.807744965346871 1.13034059853446 0.808819522222952 0.290841092027499 -0.000540636006343607 -0.0827650391235579 -0.397637692938280 -0.347577336736291 -0.887380316093889 -1.59735240302551 -1.74312937805106 -1.69190463065803 -1.25008695959090 -1.76992359359255 -1.71686129535482 -1.52281619386203 -1.69374342148531 -1.52074735560966 -1.94465618890614 -1.86262410197538 -1.70238013463086 -1.48649339022357 -1.42429230300193 -1.52716779765905 -1.60956792785839 -0.972710364132595 -0.536633789547508 -0.479376601471156 0.313816096827184 0.693824343552395 1.55906916602289 1.57829703675791 1.27386627867899 1.12085304496907 1.36099461418535 1.61412204810538 1.11716910152133 1.05972171676109 1.26823649042309 0.878576067599599 1.36570637764327 1.32508026245938 1.17610614825040
1.51269526617344 1.49894228025488 1.04315860593099 1.52934662654301 0.420524299331258 0.125643637037490 -0.179462567356402 -0.509068758817970 0.0909544413184873 -0.726288462324443 -1.65033299193228 -1.39773889138602 -1.16865126723508 -1.21357925124532 -1.49365682025404 -1.84912712203471 -1.58860201759712 -1.46148825181532 -1.27833329256894 -1.57896580401772 -2.08497126056881 -1.58655357441367 -1.19412017137672 -0.908342947100008 -0.941652504342173 -0.693069999134390 -0.861956640422315 -0.501622303278418 -0.361499248347403 0.129220506588284 0.953918397236596 1.40036329549798 1.85096609270156 1.01507962499224 1.18010331729981 1.24149481407658 1.20883345447569 1.15598054880254 1.14262876006510 1.60030231580231 1.58771696366465 1.05012499431676 1.09732252723097 1.54172686354145
0.937048434897769 1.37149595320095 1.51233554209788 1.28421121472005 1.36688051126541 0.491541169916102 -0.244897266615664 -0.939168294865679 -0.576335655974787 -0.989222946083300 -1.01120517985270 -1.50275822034134 -1.36911074250837 -1.42392052945641 -1.99248864265160 -2.05672423182887 -1.82739886051267 -1.81936730419659 -1.74471288569665 -2.12373259830353 -1.62582284962431 -1.70114248486462 -1.28791415611569 -0.759372523137246 -0.717951084132818 -0.891430808033550 -0.791682275174455 -0.408468209841616 -0.0477426246373810 0.382016635352675 0.963483969928224 0.704969310627287 0.952159835303886 1.11327886032430 0.586393929112712 0.883198594908257 0.929729461366042 1.31071186324986 1.26982605884374 0.960375829304451 0.885526338289520 0.649708692905466 1.34348499853524 1.37405899667848
0.878799891627246 1.04589062518793 1.65188440981603 1.86759457050818 1.21224475495623 0.531424334530702 -0.583260962411579 -1.04075466010240 -1.16107895552768 -1.72604760277814 -1.30814858817181 -1.32496924431727 -1.53072196521060 -1.42193804620947 -1.86850812919780 -1.89028605113460 -1.86623593747142 -1.71719066788416 -1.90370971210735 -1.21677470825846 -1.02753377063896 -1.13502649820715 -1.01805909746794 -0.339011005391277 -0.699088796230443 -0.707727409107471 -0.312889194053989 -0.0375151190097428 0.0281856744497420 0.664644193883786 1.02097379057385 0.689334512643383 0.463364261627283 0.520112846701318 0.831889740473871 0.935777811595612 0.884182915551100 0.915933400991702 0.967433496686698 0.859873909869267 0.630170265776421 0.818023175075539 0.919839714313070 1.14070507544509
