base_Gaussian_field1_fig8.txt
ncols   100
nrows   100
xllcorner   0.000000
yllcorner   0.000000
cellsize   1
NODATA_value   -9999
[rows 19 to 37 of 100, columns 0 to 43 of 100]
-0.744961863887440 -0.839645416897919 -0.841903486255809 -0.952630434017711 -0.480843024551709 -0.768220128045562 -0.772069614150071 -0.959943736773728 -1.02152421576297 -1.34855978946218 -0.763965472490902 -1.16114004488627 -0.892367440681112 -0.856276085884845 -0.703506615418725 -1.30952928106373 -1.18785793842979 -1.51274280586930 -1.60022786434218 -2.01841309992015 -2.18788196867185 -1.61800099259419 -1.66473879659013 -1.21108263259114 -0.719940792590822 -0.593625293603978 -0.867251007212507 -0.762058406850083 -0.751490106780310 -0.284143808795427 -0.354379386892630 -0.254945548906885 0.587474362966914 1.15697198170928 1.01502506198248 1.47558458959308 1.74879164720783 2.28589427496271 2.32078448606759 2.04108786055875 1.78772642469344 1.51858725856545 0.769448973972581 0.813108333823885
-0.228424453044115 -0.636145643045419 -0.601119676687864 -0.416354889187283 -0.571207577847139 -1.10604327997151 -1.35439905989213 -1.06735369786978 -1.03939716234854 -1.23370543332810 -0.747602382914260 -0.997068219023896 -0.919228564878577 -1.05401853301618 -0.778176292226518 -0.996862152389623 -1.03234541723251 -1.52932185122622 -1.61515186634957 -1.81608585529742 -1.71387796195025 -1.38378093094461 -1.23708596893860 -0.952770313371268 -0.947124395358281 -0.488946531764118 -0.835884972015408 -0.752671704889436 -0.546082286125186 -0.463908136519176 0.242021431752825 0.625944344533667 0.888422144226558 1.55892994913365 1.47950941927858 1.22061211821759 1.60205181767415 2.09199610284758 2.62238264525705 1.83709992542086 1.55077389082538 1.29335370396177 0.964435666772763 0.324388253240817
0.0283462653827192 -0.342565425018489 -0.572716435027955 -0.636865460916984 -0.671567622309500 -1.32227113906157 -1.28966163325259 -0.632825701419453 -0.975076581864521 -0.311736255427417 0.0566301230529736 -0.143512619328520 -0.424339006294618 -0.864574751226822 -0.524774210607708 -0.961007308809956 -0.555071146499704 -0.644684413490728 -0.803355131833476 -0.814348529310214 -1.02750797535223 -0.944858757796360 -0.501237280096271 -1.02864827561451 -0.748619340166236 -0.709553695051778 -0.758315878304885 -0.477853037088737 -0.776877322745014 -0.204752581661824 0.390101047875804 0.899702067046765 0.688465167620914 0.938329980497132 1.09622321525907 1.44196983613672 1.44382132961125 1.80771672254377 2.05939988004193 1.50133468772568 1.70640345036482 1.19511441354430 0.530398625725429 0.00429284787649849
-0.322669716709468 -0.443920262948552 -0.704875450014837 -0.497988433735425 -0.340193471276141 -0.890750305741381 -0.406294269251197 -0.408496603729680 -0.185069174531325 0.162715532683308 0.373194735342766 0.0206101524155084 -0.697134346507284 -0.387846862116550 -0.185148097112708 -0.173652303687771 0.244256009349066 0.574334926902371 0.440579890932099 0.185158774318649 -0.000749344866821711 -0.239988562092060 -0.328903688557428 -0.995171985907134 -0.821805898371448 -0.590319307126304 -0.235568399095723 -0.371165887235174 -0.792313996564476 -0.0378261764202748 0.628692968079694 0.604356643970421 0.417847237655497 0.680792298563534 1.06229034470673 0.940532046320482 1.70862176992718 1.20411897891745 1.24764437499277 1.43092063105060 1.56471687236113 0.253458189489949 0.0133066069666006 -0.278229671394769
-0.159931151565559 -0.102579973038541 0.518475478578101 -0.0939690556160170 -0.131332225035919 -0.614943299480229 -0.455203680630704 -0.392549212565480 0.0863744851979195 0.0819822204239410 0.562365620336569 0.0590671153867486 -0.466740878482758 -0.603015387656691 -0.555402550280903 0.325082452408691 0.613639388309440 0.410156779864297 0.954152050404732 0.871299157849545 0.643114739002448 -0.204072477333383 -0.395279799047094 -0.627019045098730 -0.345960711201723 -0.579451567514745 -0.0404671619623225 -0.114126315175493 0.00693046052472714 -0.0913135084758089 0.778820792003383 0.402185550780254 0.00576490494063175 0.275853495718253 0.784358465119015 0.702841805660722 0.715442583943533 0.543288573388809 1.03778964659354 1.28538725393752 1.84459682215654 0.723834227292914 0.710876093064752 0.307573511043324
-0.371787844460353 0.0800372928621336 0.261983427495201 0.153319405290400 -0.00623960987314100 -0.185352407824582 0.158635693668188 0.260280425580484 0.705281193146040 0.807773648269800 0.647717241023745 0.462255596668202 0.111517822062034 -0.249249288779270 -0.0255894740706386 0.0190012338139951 0.122663994831498 0.852695061799176 1.01431798057928 0.969053516713874 0.926874081818710 0.316712778012624 -0.258012924859506 -0.0273525547207614 0.279538367961662 0.251501855215234 -0.498150787014884 -0.330138450508626 0.176944702269508 0.109128883954590 0.771498009645201 -0.182990747058793 -0.377633886533372 -0.00573879131799004 0.657572781700032 0.351905915209113 -0.110458589630775 0.275813688486463 0.794208082250854 1.35454614599102 1.23005687933702 0.952145225425615 0.541905456246846 0.467685393008837
-0.494124178125363 -0.304644184071467 -0.393112380637578 -0.124675314367430 0.108867223824092 0.107436720013890 -0.452404114832303 0.459850777293154 0.854820841742795 1.10259976198919 0.496286825308916 0.368134849144139 -0.0230935099148097 0.172610166718554 -0.310234116488112 -0.420269596314930 -0.0246991866707918 0.911358580273998 0.890160227772468 0.885140301863091 0.552790067939567 0.605905231856834 0.678625239614306 0.434537143250992 -0.268771563680224 0.128272547116531 -0.276587178944621 0.213206080982829 -0.404123746044512 -0.289875341572227 0.170115624159669 -0.564225284015009 -0.289114314841672 -0.167055284843290 0.139683253312790 0.440798159951501 -0.0855510549829909 0.470926960301674 0.919457645667426 0.768484641049331 1.17984550656170 1.30115714975003 0.783244626829954 0.601664558660799
-0.382007757379369 -0.00383605279075461 -0.798222272403870 -0.373816919958729 0.244787385002063 -0.0342757440494866 0.0251335787335477 0.650551962690023 0.778479542233762 0.959593431778603 0.680879434062676 0.0395251861836762 0.119724328443746 -0.290111835147003 -0.270076192449203 -0.558792554832904 -0.0676382035102592 0.597295055332158 0.983133584776732 0.509533429140856 0.890101992929758 0.795534966116047 0.524026963269715 0.298890765189004 -0.0616855653922818 0.150988949554342 0.115383802411539 0.571936387194506 0.163479528471878 0.0587646426346302 -0.447695891143222 -0.457530594253103 -0.472954346309294 0.467204153427777 0.120061131761851 0.242352314901281 0.490287892490482 0.0427193600890671 0.922705393342903 0.631315284725461 0.682209828376917 1.07148526297274 1.04999625293339 0.909481768362470
-0.432164150245800 -0.238127272185928 -0.340527589944029 0.0145389074162911 0.812313551071088 0.463068146339024 0.0771348555812575 0.768548567746890 0.926218810481931 1.21954893904066 0.354248471345697 -0.0568725944292845 -0.134093631293536 -0.131331211802512 -0.524052698106185 -0.519949598113861 -0.0143551332415452 0.240715414849440 0.0922964935079708 0.420847380872270 -0.0298043358611005 -0.0927950081629513 0.0554653452471671 0.628969858384169 0.143113420033815 0.554949278334562 0.582784229795747 0.484855835720988 0.283839276443631 0.00616105468558144 -0.0602009810958081 0.0182929940034947 -0.456863831720479 -0.199613734009227 0.158618352270934 0.180904674468589 0.724272990079776 0.328396297812416 0.628243742797549 0.430332201722322 0.316229622207279 0.425197523381461 0.0309568851763318 0.547292408443722
-0.307818392067588 -0.157171078101971 -0.344287676501960 0.412050484907644 0.330103526598191 0.516052684721842 0.493925734275777 0.553779867052572 0.725735731566185 1.29664786308132 0.907561375039559 0.622315719483625 0.329164049063829 0.105384568088241 -0.595602827884315 -0.381124780105164 0.199920944302953 -0.235068360418179 -0.257559066220298 -0.234989281890689 -0.424029642362702 -0.504299666529345 -0.0679366695056580 0.502240626406397 0.810197745486989 0.437559167659631 0.752257728443217 -0.226719798743330 0.00633797002187535 0.0152374698170707 0.388386372719595 0.484149408925902 -0.367294667196405 -0.858159815152681 0.0155991376144291 0.0540464068364323 -0.0889751116109288 0.311283704959235 0.406894400528891 0.249186247356700 -0.348813861625668 -0.179909684699713 0.206187373052998 0.512525465827069
-0.246665728869954 -0.166064441044465 0.123338331094408 0.522485561755677 0.279722253659498 0.473822446059967 0.792335144828050 1.17773718221276 1.32647125195393 0.994318264434018 0.886622032974491 0.593566961683481 0.535165177968687 -0.462030176948480 -0.0256914463115653 0.196803633610781 0.136479302070941 -0.353251320472929 -0.289132714455325 -0.0253839859270498 -0.558076312296019 -0.253991847819941 0.355538217642280 0.522172776782872 0.433626934910942 0.544589031911365 0.143306259227563 0.0909680057044775 -0.451157045198002 0.0426154521340333 0.0543051291912144 -0.102823310545267 -0.407128196852228 -0.350165418349723 -0.949070104383696 -0.638234329589812 0.212035218136383 0.211870285033332 0.175364208649579 -0.351111507254604 -0.450920069753167 0.159085627944459 -0.177754115556760 0.267962388133420
-0.575528422903090 -0.308255488543922 -0.0645549709923159 0.497673983938284 0.659015571180958 0.972920465968776 1.39301108713725 0.956521242698247 0.951479875974099 0.473281614771572 0.881377252664984 0.0421078731740159 0.116526621131469 0.175498269146055 0.159928908959871 0.380384473587367 0.341711306540037 -0.482516421306221 -0.783161489808220 -0.134485929972713 -0.201965156512960 0.122562710816215 0.157615872265512 -0.134261482003348 0.0833680157175488 0.628817067361229 0.477306328422714 0.438429462375990 -0.288286410495773 -0.593986878889772 -0.480436876579082 -0.755533583735528 -0.242014564966124 -0.152326207373718 -0.327993479869463 -0.225129818678832 -0.381837573963403 -0.649619126824052 -0.464387966150547 -0.433932729026020 -0.734369367819302 -0.550979717131631 0.0945520769094865 0.00982668162454264
-0.340522094314231 -0.336130573767967 -0.256216552056356 -0.201447845816386 0.371306718551476 0.703447607109677 0.952803907347359 1.08913803590874 0.384472668931518 0.773724205436875 0.902234669612379 0.0718311162101867 0.235592968052415 -0.106327304085605 -0.245747015174071 0.0622333759037790 -0.365860558086281 -0.275734862426612 -0.262076639798541 -0.299410077699470 0.315987773692722 -0.0558757237025132 -0.237595919480945 -0.417219051735970 -0.0817940720518798 0.466663272633768 0.289423293906196 0.799463604959247 -0.00928143973444140 -0.335600925043740 -0.781172204933916 -1.51476054435344 -0.783066127723973 -0.179597367118092 -0.348468832810759 -0.572658598967419 -0.455261597261097 -0.254794522282211 -0.103680879929776 -0.355187441882344 -0.648853850823417 -0.599854584597349 -0.375434713829507 -0.592782757858007
-0.00956488947143193 0.342355874375891 0.0811831199501198 -0.0813821740395466 0.232030232467047 0.458585766532391 0.995887285930594 0.975897506855694 0.532179347363758 0.768014283431524 0.745595374728873 0.111310645201213 -0.0179108174881508 0.221464492760051 -0.506134616775015 -0.446676452595642 -0.762298850643873 -0.810528850488339 -0.400309234021979 -0.118838801251605 0.00927126537020087 -0.284301107106813 -0.216416524732601 -0.482697651993927 -0.156772297805039 0.396338375034832 -0.686377415926206 -0.131027444211493 -0.277437264960652 -0.154317230973427 -0.976244298855666 -1.51088998347715 -0.912441789445611 -0.565530564879904 -0.256587552176487 -0.0725155097794686 -0.465348326982167 -0.348304730436301 -0.148312991350454 -0.321617728758934 -0.640818716014020 -0.833801435275833 -0.642939072860802 -0.434937625844756
0.333721695924197 0.379160608666118 0.750776438425775 0.788744195735356 0.155637506807144 0.601535203553254 0.662319884455503 0.579839199953475 0.654531589446200 0.304951234745649 0.593562300982992 -0.0192714270703646 0.0809666153376747 0.166445863503793 -0.409531714171156 -0.331949721013954 -1.09807350088680 -1.13353726736437 -0.668111119019842 -0.435630099465908 -0.0483338266211723 -0.359705123611862 -0.188838544416678 -0.400695521363268 -0.810270976144679 -0.410903589314811 0.0734534567393343 0.00599504337854828 -0.619095740744235 -0.966515903472389 -1.02689098180447 -1.33531872404536 -0.998481939063737 -0.973157430980606 -0.637323647104507 -0.112154854895378 -0.205791020626275 0.0935399622338263 -0.806999146437634 -0.329965601365143 -0.312770063164764 -0.464909393181009 -0.550286330759198 -0.256992131128395
-0.0268366600038483 0.531409320247282 0.970171492961569 0.515568056976882 0.130391454354546 0.175165879393488 0.289011564681661 0.0768192895515292 0.118169701545457 -0.345775252268854 -0.236376470888690 -0.355371952742051 -0.179207234930300 0.00483778063987297 0.0515887167983575 -0.555603963745372 -0.837158097813990 -0.712511858430054 -0.472813809211770 -0.349104265562467 -0.0283563062995968 0.109691479301519 0.00500849653478008 -0.552786975927430 -0.756080176022262 -0.0910669680515684 0.114138764707698 0.315805934052794 -0.518819052964760 -0.949661068521989 -1.02308525983119 -1.06250057855666 -1.66076540780658 -1.01145605973446 -0.726237885142833 -0.215345931315440 -0.491060470121784 -0.124321157833209 -0.684460022233715 -0.334038214394740 -0.267795357099628 -0.298218868678179 0.0260508017633835 -0.312831109514354
0.231411017767388 0.804251610110899 1.17171087656213 0.970575523938425 0.389429440682058 0.112286686569692 0.458225975481534 0.540493144664006 -0.167351400733128 -0.227978493221649 0.0490841310062186 -0.177237346605363 0.264936473060500 0.433273945714558 0.418636211712704 -0.0465054812938851 -0.276433741426076 -0.388784460041679 -0.0853896356053876 -0.154179308120747 0.119563354128357 0.446003535750805 0.364645679768780 -0.404696708228125 -0.471572197337346 -0.212313488772825 -0.517683196029348 -0.282617471026269 -0.426622317017748 -0.668967120586897 -1.10968651482607 -1.32094746240173 -0.778256886471616 -0.704987328117517 -0.0178866267140048 -0.351349633688481 -0.286047202822313 -0.574963050219451 -0.538355332131671 -0.343399139732140 -0.164763964813558 0.135146860235656 0.240015486338298 0.296160222241213
-0.0240686704819488 0.942846525780298 1.22994177190372 1.12374351753250 1.11088235020709 1.06867246049529 1.06809747459084 0.370600431176877 0.206114465604807 -0.294308575167147 0.168166178298552 0.0701065539740281 0.346480468782474 0.816406979192757 0.501893333393317 0.518499550544889 0.584165773627852 -0.161928675314435 0.193576118091906 0.00375577519900483 0.522677791262084 0.318206350460059 0.350032395219398 -0.194990265457962 -0.536772944533284 -1.08409527909142 -0.925910562312671 -0.0820597918367273 -0.296548042135872 -0.392557920242349 -0.366360753492145 -0.687003247283582 -0.308998044502317 -0.410109380807348 -0.0525022454300603 0.0151911384608138 -0.423973209313731 -0.815749863035371 -0.492539319293364 -0.172573586684757 0.203101714156223 0.0224768385260909 0.123846350323082 0.0144190742188660
0.248880797501240 0.578272041135016 1.10802293485001 1.28057829000573 1.44209123995621 1.29738094881873 1.42305516668694 0.442477559147811 0.323661732610749 -0.248973206219466 -0.307084120066573 0.0384918887100733 0.413687568250809 0.268456141683420 0.572092636968983 0.276338949326557 0.233443582196846 -0.0809637086529709 -0.185741984793061 0.157005240601687 -0.0818267797809686 0.409740171071079 -0.245708312281028 0.0392326513678462 -0.439890024536707 -0.564939301738474 -0.743348077479083 -0.465099231515973 -0.0426775495581040 -0.567108530082353 -0.459023263038930 -0.260134531296910 -0.307525458357473 0.267582398601908 -0.141615501095901 0.195617653157179 -0.314938545975560 -0.275589264257631 -0.164016072901435 -0.516765853669459 0.205806320133218 0.163491661915169 -0.0953436252320323 -0.0827007513381833
