base_Gaussian_field2_fig8.txt
ncols  100
nrows  100
xllcorner  0.000000
yllcorner  0.000000
cellsize  1
NODATA_value  -9999
[rows 19 to 37 of 100, columns 0 to 43 of 100]
-0.868530020095373 -0.622158798208594 -0.192252185322884 -0.248842102984436 0.873648897828747 1.27438773661543 0.661098327563015 0.751273593242354 0.885957150339040 1.00384149433532 1.22452253230147 1.23844003993962 1.32861015675939 1.05474183708695 1.14277619491277 1.05521059107249 0.964421142004992 1.49547811472073 1.59807984373525 1.52290985985006 0.759958118433041 0.192134169113405 0.295547286604751 0.0345862428469209 0.321212116765762 0.275450612771911 0.617988347158560 0.487392927499572 0.550545691216468 0.367245096286716 -0.00386850807855502 -0.102676841292413 -0.243156762087659 -0.0272472467238119 0.426929346545928 0.210570090168111 0.767022424442217 0.108712011957943 0.423649538452106 -0.0277104277660606 0.129251515477583 0.115117411171141 -0.700708960628344 -0.423053119368849
-0.778058667135582 -0.722220281533633 -1.08589197590931 -0.250040411770013 0.129565798271419 1.06928769152416 1.01564490371932 1.36334735507591 1.02045461867933 1.08948426141583 1.32976927655504 0.791651234900726 1.25695342356632 1.10467189863205 1.56798975893791 1.61665968252582 1.45581371348005 1.69409684539892 1.41779684172043 0.976678938551681 0.946309199447460 0.711155411755964 0.241956423443684 0.515805012953100 0.677963240614887 0.539389020237628 0.587931437664457 0.987669342584949 0.880268963091583 1.08094034359580 0.514660583267005 0.207600999901570 -0.103229060707268 -0.0831008640689333 0.361044833890918 0.0894548757053172 0.378646720800710 0.597076795597536 -0.0274569891336675 0.0135522607080926 0.171651078958497 0.190570334954348 -0.364372210085515 -0.890049453788915
-0.649455494202665 -0.799805600057921 -0.677235765507995 -0.432109844821574 0.338893420624336 1.11269123155910 1.17431912353154 1.09775180646951 1.22214622507437 1.35423905970290 0.833288730125310 0.295291383745015 0.790252741391144 1.02132554849850 1.20216075985040 1.27327198164268 1.20641869872551 1.01709497623957 0.841043719235542 1.14631664524320 1.21011900014790 0.778655575270130 0.902500568494858 0.942521238027806 1.29986294882221 1.45622854768436 1.16146212513615 1.18844056756648 1.51656394593240 1.37846792114531 0.220285695260998 0.591435901059639 -0.0191075157286596 -0.0171218211822968 0.431284684850207 -0.442143279769988 -0.164012287948075 0.0978471181200017 -0.240263191097060 0.0739837618209586 -0.0968041730118093 -0.220768284845878 -0.653539324682413 -0.729815826158674
-0.738416333073370 -1.16677214610934 -1.06051746860901 -0.410237340217808 0.632813824600849 0.700792306512867 0.902886875386366 0.560981759362488 0.485527187986952 0.932904612783010 1.05199755325513 1.03885859172717 0.933030686317128 0.841221913582470 1.12221094269122 1.28265827016754 1.06467495344555 1.28659954656772 1.46194678153134 0.999104738146834 1.16252029529050 1.32080680038604 1.40607387953333 1.00703974600037 1.69014160414037 1.71701904296861 1.74180050976783 1.05207599416394 1.07081157945168 1.31293970486405 0.976994233269996 0.958165242867493 0.194496103207535 -0.359048192977074 -0.570517970936985 -0.680652274935929 -0.512426278198203 -0.209826950500076 -0.229870111066125 -0.396867574645569 -0.0802000327819592 -0.718025421669260 -0.905257953511627 -0.844035710863392
-0.551500381026341 -1.17869112929145 -0.978305492437363 -0.102587771022780 0.0794449087109279 0.829645592618427 0.576502977909315 -0.108936022406747 0.0373287483815180 0.356269532437618 1.12166854015239 0.735754207235804 0.266350277471472 0.370684947050120 0.720581733786364 0.583660847836981 1.37852501863446 1.36416657470651 1.34883703412080 1.25014224151117 1.00552698444638 1.38779339242323 1.40908670998969 1.17607407762418 2.01620666987701 1.69528642021017 1.29365525559864 1.03145897351078 0.664364100524370 0.922793044309961 1.33393049595691 0.801614347973552 -0.479740522357219 -0.0506279891171525 -0.0755258357100433 0.0930034089438639 -0.529803830366711 -0.514688724469734 -0.487225942981285 0.0846208542020324 -0.116834412992467 -0.836843318027569 -0.987548251860967 -1.07647869953188
-0.0359168102907074 -0.703204360820847 -0.832519052372715 -0.162213589651864 -0.0975028701028796 0.520940197101862 -0.0636226817365349 0.0708688978658227 0.347657174122588 0.424493518354870 0.257087647200135 0.756114264630805 0.869058575925872 0.482866566029260 0.569346608961186 0.932099696340685 1.19627083926455 1.28228290026300 1.17937683162078 1.27187848796386 1.39191088407830 1.41996063413053 1.12004731727301 1.01193433050916 1.30434387714725 1.85196816362764 1.29107008794173 1.50240559528083 1.21560835286273 0.724342440049755 1.08847993697868 0.700631612641839 0.0780451096982371 -0.513647310379387 0.177531597748540 -0.276679138487785 -0.467156753679988 -0.678657538141474 -0.583088956744412 -0.641123012752664 -0.684446065089444 -1.46572113230509 -1.41370602425136 -1.07626516321683
-0.284439689760510 -0.586500739488611 -0.438465760796694 -0.523484666548677 0.357023248296368 0.733809384732059 0.282042393642081 0.118004480848008 0.277756007074160 0.569221464194792 0.0540209963376811 0.184632903311835 0.863354126619431 0.116439517782861 0.206795767918054 -0.0323128616785379 0.816796926857447 1.01496929698383 1.36265004105629 1.96233007349291 1.41215116168488 0.946687261955326 0.971560190336586 0.759314930494393 0.957241527912898 1.83287780244842 1.57306529980718 1.04674657014754 1.06133021638623 0.495926159371688 -0.144952602096445 -0.546682447967710 0.126251974308700 -0.522451744722955 -0.307881505534459 -0.523921226558502 -0.486670761661100 -0.949967320740758 -1.09610286442458 -0.943273801197399 -1.61251054814250 -1.19635173069434 -1.17841274966288 -1.21057371570628
0.0370243297684571 -0.453958468924872 -0.564998395014845 -0.461160165971563 0.595919144970644 0.592522471743993 0.539835564467028 0.373830257793650 0.377649505969031 0.229892471915075 0.261463732730412 0.224083760112120 0.528480353865766 0.463158082709726 0.243981802392742 -0.0682994329236342 0.552645347254399 0.799281708792990 1.55664113894404 1.97859227033538 1.85467986749699 1.48135897404561 1.41685814581369 1.02208599531687 1.34778669569174 1.61825797615252 1.33595098479850 1.74336780390564 1.10330526504832 0.292175345464864 0.384570910908340 -0.500692723970549 -0.657663310848118 -1.07780178003143 -0.988319683691620 -1.15256420112821 -1.08549521572293 -1.26572136337079 -1.57173763262702 -1.72908810159280 -1.61217221829973 -1.73477640045167 -1.21405432124592 -1.02435920299515
-0.223077857935055 0.0301549936275889 -0.248141827851536 0.0752365157455915 0.114376448024350 1.04966404588824 0.620779860782427 0.690662968665509 0.712956180963218 0.932486777273350 0.446754192897950 0.578290989229131 0.519169036590237 0.799476100598982 0.545171566766946 0.693833843403610 0.575220568000326 1.15097846561825 1.43091101396100 1.81454858170355 1.94783105096645 1.71226290182015 1.55497250454145 1.42086992158206 1.64047378644318 1.21743540227405 1.15764127543770 1.06234971466776 0.535978792719261 0.367334020214539 -0.418244820091703 -1.12734835866459 -1.38860381343725 -1.43316252397433 -1.95524487610992 -1.49040004858005 -1.72361370830026 -2.19578215524376 -1.80856936061561 -1.56919620754241 -1.60906966424855 -1.77245860344852 -1.01360527800946 -1.18701924475914
1.11901364440570 0.276951269247250 0.246979039168674 -0.0691070621225026 0.257459873773584 0.860502593076724 0.314988802205594 0.618614344233164 0.933809615065125 0.797505750925349 0.623102324279315 0.609472356939154 0.622127326849501 0.885458866681660 1.18456562102705 1.10256092279016 0.961211567116732 1.16555399867159 0.670354457676994 1.23896277315701 1.75237550745727 1.68907170553964 1.33355954121903 1.45908041202952 1.53128064830722 1.04328042411085 0.711013450729141 0.293882851769080 0.403406394151946 -0.287097262068423 -0.906663685473475 -1.63171450246535 -2.03871873829019 -1.50462978268878 -1.85079233118970 -2.04915268564120 -1.57409215789999 -1.96289570821181 -1.47739947351598 -1.32127950572594 -1.36038762423496 -1.21699837236755 -1.14787949145763 -0.854058611455316
0.671012400187242 0.512383087436755 0.188346983213137 0.532972043186049 0.0279414764019832 0.775573883083378 1.08735372595512 0.731810681602363 0.838069132666429 1.19698968124428 0.787450366455500 0.694663543060484 0.954844551944677 0.822555942425865 0.859527195878999 0.634933537609044 1.55565653147320 1.76868845404047 1.04531836645359 1.53796813229089 1.60334603250890 1.55884479361184 1.29888227180254 1.34499879077654 1.10727530771253 0.673487987383485 0.304977659946226 0.286958758087979 -0.483925193229219 -0.880714378849282 -0.542584100655987 -1.06948265907776 -2.41619433114983 -2.31610389014417 -2.56545596393745 -2.83671582812888 -2.74698320280865 -2.05435146098648 -1.43332625816178 -1.48401926430424 -1.29003829550844 -0.657016825475505 -0.982839190181801 -0.635719429061898
1.17860460157538 1.07638798728305 0.533932059808448 0.600636727661794 0.715295501584744 0.542417550022489 1.18671197563485 1.00322541391087 1.22500323029467 1.67275321734530 1.38187688981480 1.12090396733598 1.39951558313707 1.42547538407377 1.18255846933646 1.02586870784711 1.24715064231573 1.67313254569734 1.47449470909641 1.92339383187171 1.92712134802423 1.95720759861340 1.44384125943101 1.07338280066725 1.21188790064109 0.614110734164065 -0.0412496754090257 0.192385196993595 -0.411334549485643 -0.846903170410238 -1.21132910904741 -1.67424921500674 -1.87128633536651 -1.76638365592863 -2.64708519059547 -3.39101072514547 -2.84484727607603 -2.49005789659929 -1.78845531887913 -1.33700734278033 -0.845696867359030 -1.13301409129368 -0.660583288620590 -1.03249087398608
1.16883103517503 1.18616141428714 0.429623398150497 0.813909536412515 0.624557663540347 0.695060657879217 1.01635206687807 1.17622186206340 1.47695563609231 1.64802971140128 1.76549147549037 1.52878106108601 1.39430932392820 1.50014663624850 1.23208770696492 1.55935987364557 1.19459059916845 1.75387405095412 1.74134752925446 1.83764409293276 2.04466438475757 2.03046208072833 1.42731714313863 1.28464593444084 1.19860728965937 0.710254897804948 0.000669763576256408 -0.509975170436750 -0.686166635661405 -1.44010962321908 -1.63877738359618 -2.26578924060128 -2.07873008988953 -2.31830954042683 -2.75947687474281 -3.18907871529249 -2.52465545694946 -1.79779101880128 -1.36401785101631 -1.19393813703772 -0.905888822435103 -1.43410123501708 -1.23849981801512 -1.77743859714408
1.06907786553353 1.11058347733804 0.816333997570340 0.880225924063016 0.582688052907647 0.677976921453851 1.23416163521273 1.75559735035502 1.37186116196321 2.04829925352095 2.17248725573118 1.78886472245630 1.10463104289557 1.14151250256221 1.48560516704894 1.40903936937504 1.16703271191296 1.47189896745398 1.75286734873116 1.66547957690357 1.85721611589492 1.66033007385348 1.03043712799027 1.02503903747986 0.906686972470326 0.710313751440349 0.364469817302568 -0.331428923224513 -0.416646057044813 -1.50994365236684 -2.19230764823432 -2.46362413506280 -2.17243584035074 -2.56641873260551 -2.87921376915427 -2.53724082075029 -2.29115496814205 -1.53910680357163 -1.18932477612483 -1.01581044900949 -1.24642953271550 -1.27784184384265 -1.71612940066645 -1.44473189435026
1.19817363282386 0.502032751086835 1.01446763683192 0.313926787919892 0.504408533925441 1.10361034688132 1.70270374375117 1.35646344095822 1.19879239182260 1.56925097240657 1.52581774400531 1.44235895755384 1.56749568793391 1.33325744305472 1.19420637044443 1.42184374552276 1.15873994679283 1.77209852587004 1.75448172059466 1.73203276378173 1.66260078582472 1.45275871556698 1.10246144515228 0.878480261453023 0.504636572356123 0.663664535268449 0.276920889577078 -0.522078898129460 -0.547728326766294 -0.874681921583079 -2.50815749215252 -2.61483107177693 -2.58136142823009 -2.89487037637748 -2.66735766096900 -2.31477384003947 -1.61662585987838 -0.924027243611764 -1.05319240285984 -0.994551407652457 -1.38782839460396 -1.50542328523030 -1.33001733246278 -0.923490037442872
1.50632801553504 0.600514487207128 0.542563743819797 0.672564566242887 1.07954348447229 1.25008837296169 1.12668878685652 0.829286152493441 0.851740853477066 1.46976802249383 1.55012701677477 1.21775164994720 1.23080799639329 0.792797703631530 0.935946831884115 1.48997228347041 1.90129612369429 2.06461152170753 1.51728829059895 1.82585650536626 2.36087642349551 1.66430514302290 1.75875986717441 0.755017012512732 -0.0526068987117266 0.157163359304624 -0.376702318938457 -0.359469096016872 -0.355334958864773 -0.863676990183911 -2.29683224874818 -2.59366725682938 -2.37781529798137 -2.91406136620559 -2.19857981206157 -1.90006008356901 -1.02466018217029 -0.642193133037807 -1.33867055715240 -1.51889769433219 -1.02581386726025 -1.08896580967147 -0.959459349999133 -0.667968186452888
1.02613609238220 0.647677320240360 0.342251065262322 0.557479733799447 0.780884716054290 1.45839989293716 1.49714372264664 1.19345569301351 1.17765186346040 1.34840041163724 0.987345750918030 1.16387607716940 1.33471027776445 1.30567707468570 1.52583007757505 2.07086763845659 2.18418904098123 1.91165473231823 1.63195633207158 1.88336087757124 1.85491053101257 1.57434341431364 1.61572834562725 0.757411861099065 0.347299836581701 -0.0734053382566138 -0.720105492362137 -0.769249427653306 -1.35035858243310 -1.51183669014552 -1.70994591376743 -2.48129936605289 -2.50872575075336 -2.85111688896591 -2.47654757973404 -1.84825796083627 -0.885624595938216 -1.02601732730897 -1.63797939409876 -1.64931753908849 -1.70079017053532 -0.724586186583314 -1.08643924412674 -1.00650469396337
1.57683922417791 0.892276134306829 0.418720500378137 0.534504134260677 0.733653582386736 1.33875648838596 1.91700241285278 1.30840932281367 1.03105020495990 1.10082301589180 0.695627910236328 1.15877536160521 1.35194514113026 1.34772966070216 1.44254054342599 2.06636417215766 2.10104074459230 1.82695300382157 1.35706327394175 1.55973121888353 1.75449781620273 1.72354855121352 1.13986431561409 0.960908065861749 0.587229607420545 0.0644654649069734 -0.0650218868252908 -0.334590847851870 -0.895157140783143 -2.03447228516416 -1.72304376898581 -2.28811940476814 -2.36369654979914 -2.91148093842084 -2.44299795670029 -1.59267681585639 -1.12188182671816 -1.27716473274611 -1.62960993569514 -1.42870316158382 -0.971148637866182 -0.694583457060991 -0.985258710961436 -1.44402583222146
1.24721384354752 1.16617288322981 0.722768135401570 1.09927926921023 0.849692448908467 1.48854031019596 1.83678357509364 1.33520142097611 1.34269705238934 1.01334373583497 0.849528479214759 0.821254832389551 0.810353917973396 1.27403226779829 1.53497730352101 1.56755743416688 1.99345420972454 1.90958577464746 1.69280341735963 1.49357581086329 1.45893147333049 1.57825138637580 1.11041972865380 1.02138284977446 0.975960635269850 0.515267504681948 0.367567834498766 -0.695611841972331 -0.815947882878811 -1.27830635813881 -1.00031400871911 -1.80682746529274 -1.98879045105490 -2.72928131935421 -2.60603889757852 -1.69190634837157 -1.43140067632671 -1.85042607268726 -1.73975351152389 -1.39228127466265 -1.41926643425151 -1.26834415505691 -2.02342491800302 -1.43603913316877
