base_Gaussian_field1_fig8.txt
ncols   100
nrows   100
xllcorner   0.000000
yllcorner   0.000000
cellsize   1
NODATA_value   -9999
[rows 57 to 75 of 100, columns 0 to 43 of 100]
0.153072033207369 0.325949454093225 0.740777319922913 1.29723582930260 1.52986412206846 1.89110844220648 1.60370029277389 1.56274049923072 1.49198596168034 1.74054572774993 1.94132463633137 1.66296231689070 1.24859244880371 1.08574340679796 1.27913281051641 1.42342035628001 1.04589234432745 0.974036368720946 0.899859806602690 1.26555673257928 0.0166044645933619 0.719482826048800 -0.0380938342279671 -0.221653214323107 0.0387159755602332 -0.480925583612904 -0.805533223675217 -1.12344628412799 -1.07192187722226 -1.23106962956024 -1.68079896858641 -2.13016685079517 -1.55235792630282 -0.847356890918703 -0.380403954929042 0.507543765630440 0.471904272964753 0.738850121762375 0.223047886502403 0.908926711084020 0.640897922777746 0.775039304857492 0.332506188995780 -0.132232214235658
0.118757429480634 0.181602779273959 0.263214687818395 1.21256452004826 1.49620043899144 1.58375231695918 1.88947563006979 1.25178868272143 1.32671927403164 1.41313529921393 1.04209428261873 1.02861727734503 1.36855042159839 1.49054457460455 1.26185400028713 1.16172172391660 0.838855844253709 1.16251810968376 0.528957881562003 0.730952189528103 0.161584424921128 0.248493231731427 0.0476118852695409 -0.158425501377762 -0.241106658868809 -0.754920808901144 -1.25601038652772 -1.02431278497690 -1.23950147717986 -1.45810021967390 -1.41243228437026 -1.96061514315243 -1.73119389879038 -1.23533156668923 -0.156418916456588 -0.375736259520426 -0.0726844471695654 -0.220580697506443 0.0505312082458216 0.184123469380246 0.671479757957478 -0.0194094104854577 -0.0413550869027472 -0.460588346841088
-0.0353209529435408 -0.305131890868249 0.388222180286011 1.02622617180738 0.766745871594013 1.46085473609716 1.36867281714481 1.33524906007371 1.07334086221104 0.965604249335576 0.755890026545098 1.02139120040149 1.44184258872289 1.89541423695909 1.29598090964280 0.462051006110232 0.572313572179422 0.871884740282569 0.494999574242792 0.578337204349182 0.314193033770453 0.142707642028394 -0.695896597663136 -0.529969142051021 -0.213357956958435 -0.753750060938595 -1.16337257126207 -1.77662603230483 -1.78519646289266 -1.89727852417163 -1.32538116630422 -1.46420326152910 -1.10728633535250 -0.825919691243545 0.297606501687873 0.00567122300180162 0.0862427698931535 -0.136363059711452 -0.0720409775960075 0.536498946646544 0.511914271801834 -0.0221547160582001 0.0717682599511973 -0.321537888105452
-0.373235026263576 -0.684410400079057 0.238327230939895 -0.0744651778676537 -0.0399354619732326 0.579891875442533 0.823068773382535 0.846798044406260 0.590244912001852 0.874632603685314 0.621546698562097 0.951759426421770 0.829655711946942 1.30485103144306 0.779853442629809 0.761373240887870 0.781862681167358 0.730895139783293 0.592579176490895 -0.0218763284916473 -0.435224176349043 -0.947418614488812 -0.820494535688470 -0.499178845893850 -0.621275766222314 -1.10897583410220 -0.836151003328394 -1.62550559352285 -1.79353103085510 -1.93440745243403 -1.51215782694862 -1.59794185774167 -0.821049632731263 -0.860301666129377 -0.185409488412299 0.279636060072003 0.387674850055120 0.199322957085265 0.183691116589038 0.227790112210847 -0.0103166254360366 -0.0188700569750246 -0.395629590469895 -0.680945204969952
-0.553931623632619 -0.293651382523893 0.0245885120135410 -0.532283881867604 0.0875435390262697 0.477617021299482 0.365567659245780 0.304380443723336 0.525969868840520 1.13621944532220 0.624048440996324 0.241932764047696 0.276279580483249 0.272194247994478 0.314715214929769 0.0642620323983510 0.144456831040225 0.458784091948668 0.103043493325581 -0.573327940545020 -0.984069918191038 -1.34845262074338 -1.20294382991033 -0.722300334178659 -1.01302667569149 -1.25707217968644 -1.10472567313591 -1.74294806796557 -1.54483531655197 -1.92609870022578 -2.18275774884513 -1.34544081624713 -0.738047316055935 -0.642005850445027 -0.710033377860553 0.160317750324644 0.0657523558493695 0.325957088971849 0.562272242006020 0.545882239492778 -0.0349731495737931 -0.581810214121731 -0.492564162081491 -0.354282179607876
-0.616034213512134 -0.888002986034848 -0.263798963003144 -0.733757721828648 -0.612100322905463 -0.410362927921051 0.0753754879962096 0.0947312079612607 0.473899723726531 0.898381592862322 0.563939674766724 -0.400871808662822 -0.390767087245992 -0.802378737255811 0.0472212842484970 -0.367625309554153 -0.240133202253052 0.254685572700479 -0.394296225863338 0.0848890471264939 -1.08572181112862 -1.24994980124027 -1.76443795205181 -1.23174497028917 -1.37163517083276 -1.28234495593547 -1.41227272312646 -1.27833166099880 -1.74518406101291 -2.02648470308352 -1.92655284836682 -1.62192473614040 -0.763470672013920 -1.31794058686638 -0.683125297248675 -0.448489132678745 -0.189943875407442 0.272830459015392 0.359760405267497 0.611095506632599 0.230503559159600 0.148113348111116 -0.400223102586200 -0.799601554327623
-0.352506494220348 -0.305189740710089 -0.491904637918216 -0.704494989788145 -0.790516538570389 -0.943915842231741 -0.953605827720061 -0.667681035737064 0.124161639491564 0.0453114350836199 -0.343527086753986 -0.872993028178822 -1.11448684616744 -0.571515849457777 -0.926816001340160 -0.914362987008832 -0.680641639009826 0.103655030797013 -0.217198449150182 -0.433879065954172 -0.904032807909435 -1.17838161168206 -1.95031695188251 -1.52346855924232 -1.69569007615374 -1.66569666310511 -1.72000773631031 -1.29156437671505 -1.52243674846951 -2.55288929613382 -2.26359634252923 -1.81894401695316 -0.818172091969319 -0.946742801579968 -0.683087598198024 -0.387101693701655 -0.509734264601274 -0.123542926329317 -0.285224263438948 0.292767253492230 0.240601635083596 0.292078192128240 -0.449526012255120 -0.617524073751271
0.119278703430592 -0.202790107032253 0.175901579247394 -0.609695215453305 -0.713153716742703 -1.13981506726729 -1.35492606252890 -0.670701030251141 0.239610094139335 -0.101362449811364 -0.804142381276877 -1.32276093125645 -1.61113745940789 -1.05759031348689 -1.11673889709875 -0.809297410159977 -0.852584013253467 -0.618060471341021 -0.825760627043897 -0.666819226132934 -1.29711832262318 -1.63090186086556 -1.93360479744069 -2.18717233554237 -2.47830978267109 -2.39859147642491 -2.25781590273820 -2.12340173699915 -1.61256345659398 -1.85747579103545 -1.99377444108396 -1.10578014959001 -0.548228244425700 -0.633175653433968 -0.664347653404237 -0.672703614619738 -0.667252479535927 -0.606999481919692 -0.312827703692725 0.287541413733121 0.142034376762766 0.412843396974025 -0.0934639884949138 -0.258469849892721
0.228271698003899 -0.146935137862844 -0.0816445828426444 -0.535202254536590 -0.951376927787098 -1.44161881825290 -2.32796686995553 -1.51695876803984 -0.909932432300426 -1.18218141521732 -1.64141785522095 -1.66929779934405 -1.53776135795080 -1.21184197970437 -1.11013916924348 -0.814282186575571 -1.14591078680223 -1.27459391234536 -1.25877679771475 -1.50797689656354 -1.97350871999901 -2.28921303729360 -2.33990455469741 -1.72189574013469 -2.17619820619534 -2.34855523976739 -2.57758880398777 -2.47750077181251 -2.02354083873963 -1.41738352292834 -1.55867605261342 -0.907634634923092 -0.639983091458740 -0.498097451743254 -0.675317687812636 -0.673581509359590 -0.857891069034773 -0.797691504870824 -0.354583670630566 -0.0963638138434329 0.0141059403943438 0.202864437183657 -0.139749612180864 -0.283022771738556
-0.671907507982077 -0.568108083610384 -0.871291964868655 -0.847347498154345 -1.09066644991577 -1.91181327619472 -2.00916597316298 -1.90616644611344 -1.61892100886598 -1.50882916555974 -1.78483848117841 -1.53976849857566 -1.35904085922778 -1.27340646321888 -1.25920498155632 -1.13030462295613 -0.924125275383248 -1.53337765604863 -1.44334547424331 -1.14363091760295 -1.78296108862740 -1.86216786903255 -2.02327097476592 -1.61568054004984 -1.70456621296880 -2.39330106338689 -2.24014850709097 -2.28696368259577 -2.80823679197734 -1.49834806234489 -1.05378978230311 -1.65136291120408 -1.08677931352300 -0.889122004296356 -0.762521780229368 -0.844864835069117 -0.474789274030974 -0.336430375174763 -0.797301713354582 -0.566245633896316 -0.175685963315461 0.154098429804340 -0.348604209052151 -0.589340425331172
-0.871801569937878 -0.683206401096961 -0.784452844331347 -1.26887175229347 -1.73604497681301 -2.03528543357771 -1.93295822999738 -1.47666865290586 -2.23163938913989 -2.81441010291583 -2.30673769525405 -1.62914783819419 -1.15141466384061 -1.76051148002696 -1.07674083626955 -0.828548876218456 -1.27228277498946 -1.17855603525495 -1.33770437097170 -1.18288212586982 -1.43575178408862 -1.24031348593377 -1.48115664602435 -1.77479265290375 -2.03067424798665 -2.43368025465305 -2.05566861138877 -2.12401398410811 -2.01639732411255 -1.16472182254179 -1.58199885305826 -1.46237314246389 -1.09914356085852 -0.873534085970983 -0.581374750093914 -0.400505198918567 -0.407439812815095 -0.893669259552785 -1.05524601212093 -0.651817644663570 -0.424953226523972 -0.0402145568652667 -0.120487944978359 0.285531025700295
-0.759454165683958 -1.39920977908398 -1.03124493464522 -1.47326588721674 -1.66946679415036 -1.81682253919374 -1.77537782194662 -1.56364315733058 -2.04002197053976 -2.31567748970904 -2.03129648632889 -1.55945525752313 -1.67206282712661 -1.96984186616091 -1.37307188403066 -0.858109410236447 -0.506219076031745 -0.954526779469022 -1.30669870617039 -1.23259504334606 -0.890906537462451 -0.759330710095438 -1.09772640767576 -1.51834494700025 -1.71881541267462 -1.94540701173616 -2.18749039157090 -1.53926750002248 -1.52659355417167 -1.88872671079078 -1.83179633391152 -1.68359732923276 -1.11247492336174 -0.966036548818771 -0.426461662809925 -0.786633136893016 -0.705799684313696 -1.06926175585366 -1.21007643151552 -0.724826223847428 -0.177446971836874 -0.0240991950643139 0.107127816828390 -0.356103325567477
-1.12451740100090 -1.45465231678670 -1.14415111989063 -1.51120658720530 -1.43659491606318 -1.14830397634228 -1.35371310080595 -1.64377124717373 -1.86121533814296 -1.80379367850618 -2.22725332918680 -2.00506164135182 -1.48255389320011 -1.06859963446377 -1.02129859691614 -0.671600104820643 -0.559076449607431 -1.00488465694583 -0.808658816242840 -0.739369967894914 -0.627161917779961 -0.831861760390417 -0.941171179130439 -1.19041607091701 -1.80425831928043 -2.12547688554458 -1.61546462588604 -1.48855587182936 -1.11420609679107 -1.53419911145071 -1.27466101387521 -1.17616172593807 -1.37579615401989 -0.906965488812255 -0.288876942705721 -0.796846547251894 -0.326642135379261 -0.263681153382880 -0.881766478843797 -0.745443041995175 0.0803029714689237 0.249819707638511 0.101396967253641 -0.0641862306906916
-1.29091969790070 -1.35359500370903 -1.23214143777721 -0.905364877226104 -1.11242904966708 -0.701368742218581 -0.573866199538479 -1.46273767354152 -1.62772644126104 -1.28595682208316 -1.59277229665711 -1.36637338610246 -0.873090262054101 -0.214100484671727 -0.0679912625077131 0.0414494624795514 -0.392811487525737 -0.785336208518086 -0.863000650195488 -0.892616323931159 -0.956004279145703 -1.15100665962377 -1.19566101719829 -1.07289181139959 -1.54887202849139 -1.79849029466848 -1.90264393224808 -1.21610662811831 -1.54490414822674 -1.27855804610243 -0.883907635951275 -0.799244173958093 -0.709526823601376 -0.639430070146929 -0.724151241091358 -0.149106495081686 -0.178778401823124 -0.109667824857357 -0.357930881470752 -0.0743849143826636 0.0786746064321800 0.342248650223904 -0.00475538334941665 0.0433119497643411
-1.26961627317743 -1.38945226499596 -0.962043073319833 -1.38225726828241 -0.648747492198516 -0.462859915635098 -0.824254634868223 -0.926550904795299 -1.22135414998117 -1.11208675103641 -1.29437762578613 -0.758036343124632 -0.121647778785525 -0.715170163604995 0.113158882122770 -0.104449750922757 -0.568053911408729 -1.19821651891472 -0.840293431102010 -1.23956814711522 -1.09673159716403 -1.24925658094202 -1.06751113690833 -0.945649656815279 -1.51671542331216 -1.42106200469855 -1.04945648782229 -0.441514426315515 -1.00110986411813 -1.03098023551647 -0.0196007903525633 -0.144610326949558 -0.432058203518577 -0.448202390459902 -0.871771688277566 -0.204113257508507 -0.361087219097487 -0.130146630600252 0.334081435742080 0.198933594478613 0.513242932583403 0.0158472316147335 -0.101146363776863 0.0156044411957206
-0.582718693671252 -1.18080943582399 -1.19096432972401 -1.12069408242591 -0.748119705382932 -0.286699389602404 -0.519378752048648 -0.459362226559842 -1.20363921992863 -0.906775210423973 -0.494947735372438 -0.106587557027931 0.369272029571471 -0.171148442264853 0.340618919954072 -0.321772753894654 -0.438727244740373 -1.06108847221144 -0.961944509171790 -1.04510162360781 -1.06208015099490 -1.13975355185005 -1.12955795481495 -0.959542361752711 -1.30241761821276 -1.34089253855120 -0.991130688712368 -1.08171226649840 -0.684187363137822 -0.563315888009809 -0.0976023222690747 0.246056231068016 0.0802580391948190 0.104100262229440 -0.716573972397541 -0.0353460653353702 0.168533828420769 -0.0786548497001647 0.0592714042784134 0.442991596056282 0.359276756794458 -0.400530470782923 0.0828293641014369 -0.296831874590817
-0.542796623146001 -1.61941117513803 -1.10469618001383 -0.477525056670044 -0.924906257524486 -0.200511038466680 -0.133828122411020 0.0508670997103805 -0.506764729450803 -0.720180436722128 0.247451836854188 0.382617077406390 0.361314758584909 -0.302710033152275 -0.430610942832703 -0.0382290984349057 -0.764983544079817 -1.27741964780889 -1.04522790507717 -1.48605834603268 -1.21497811541129 -1.35336988536282 -0.951527254304531 -1.41377633861910 -0.561927832526346 -1.14812008331825 -0.962612952358668 -0.556459812541539 -0.522727148450841 0.0274448155741262 0.168119364841936 0.271897674249247 0.595626495548066 -0.183879943884081 -0.618955203968762 -0.557114764941870 -0.283639558032443 0.305891390621468 0.316764901450440 0.0741842909363976 0.374629753659584 0.220446083131239 0.00647844166277178 -0.159371609835085
0.00370745035666115 -0.330927744815602 -0.424658220515647 -0.386536325829351 -0.483155410035275 -0.235818791054955 -0.000370139951104435 -0.455507763811229 -0.270195851485481 -0.0838800348218694 0.187631934082972 0.488359402100677 0.665325434082588 -0.268639342991268 -0.309730697196237 -0.244040926702080 -0.891999698635627 -1.46548519975557 -1.25579758916699 -1.08507063648560 -1.08475067186252 -1.32010405974863 -1.54822314121011 -0.887785843985305 -0.668226920212639 -0.881323032798353 -0.840482568905895 -0.506015463490809 0.294558309296748 -0.0644763987711578 0.512841359431424 0.662040865574804 0.737038145959288 -0.262732616391287 -0.552161461864260 -0.198341769344093 0.431336501922760 0.683598330964116 0.604895985104861 1.45536547490808 1.79153017144583 1.20022544770614 0.816586289508681 -0.213052134954384
0.395260503160546 0.390847732596011 0.165315601354172 0.0626781606407807 -0.226408697862414 -0.163353602749099 -0.441487576493977 0.0970439570588527 0.604671282463901 0.158122766682512 0.190165409825690 1.10173265991882 0.603800773796727 -0.168630861895317 -0.811535234198055 -0.656314149532837 -1.17336511476404 -1.34658422090479 -1.38185407624506 -1.03550276814142 -1.25263288915068 -1.49990431345615 -1.06174553831216 -0.789579131391331 -0.891247204497431 -1.05551997839389 -0.321610297692397 -0.115451378030961 0.00451785498865980 0.599653497502122 0.719239813001327 0.303436234889902 0.215822856869528 -0.0385628057349375 0.0536272780432428 0.0592524673757139 -0.133177854411834 0.749637533367528 1.15384423101968 1.68883189923588 1.99577344836443 0.701714471720614 -0.0181086139475330 0.0165400611571933
