reference_pattern_fig5.txt
ncols         42
nrows         42
xllcorner     35.352003138443
yllcorner     33.071852896608
cellsize      1
NODATA_value  -9999
-9999 -9999 -9999 -9999 -9999 -9999 -9999 -9999 -9999 -9999 -9999 -9999 -9999 -9999 -9999 -9999 -9999 -9999 -9999 -9999 -9999 -9999 -9999 -9999 -9999 -9999 -9999 -9999 -9999 -9999 -9999 -9999 -9999 -9999 -9999 -9999 -9999 -9999 -9999 -9999 -9999 -9999 
-1.999239 -1.32828 -0.8313746 -0.5479584 -0.4443516 -0.395512 -0.2430463 0.09938135 0.5815411 0.95675 1.061884 0.9826766 0.9136919 0.8471301 0.9417589 1.272062 1.682695 1.925732 1.869039 1.626199 1.308616 1.036259 0.8506258 0.7079187 0.5119544 0.2196261 -0.1390747 -0.5403166 -0.934346 -1.270945 -1.529035 -1.729935 -1.884083 -1.996632 -2.073673 -2.120526 -2.141019 -2.139377 -2.120899 -2.089326 -2.047737 -1.998619 
-0.973201 -0.2287593 0.3162607 0.5806269 0.5751894 0.4408172 0.3629313 0.4325002 0.6355126 0.7544515 0.6455129 0.4350045 0.3658379 0.4413506 0.7498547 1.254176 1.76666 2.065402 2.027124 1.746533 1.366302 1.045677 0.8260086 0.6578178 0.4478856 0.137985 -0.2521092 -0.6855962 -1.102429 -1.445986 -1.693869 -1.875986 -2.010041 -2.102391 -2.159927 -2.188419 -2.191992 -2.175292 -2.143845 -2.101306 -2.050596 -1.994011 
-0.2034833 0.5829827 1.152797 1.381747 1.247783 0.9145368 0.6039085 0.4156705 0.3583589 0.2368915 -0.06924094 -0.3897673 -0.4487531 -0.2205138 0.2957636 0.9552341 1.554835 1.91089 1.916033 1.650393 1.269705 0.9435617 0.7149634 0.5349917 0.3205365 0.005590684 -0.3981427 -0.8450326 -1.267138 -1.60337 -1.832352 -1.991622 -2.103318 -2.174557 -2.212576 -2.223291 -2.210929 -2.18049 -2.137653 -2.08587 -2.027817 -1.965528 
0.244022 1.000055 1.531019 1.687505 1.416903 0.9136454 0.4314291 0.07998889 -0.1342515 -0.4043283 -0.8351858 -1.231591 -1.285522 -0.9419261 -0.294847 0.4363062 1.056991 1.426931 1.476185 1.277017 0.9589705 0.6760093 0.4730723 0.3104384 0.1149217 -0.1820763 -0.5752589 -1.013275 -1.421393 -1.735237 -1.936619 -2.069838 -2.158031 -2.208239 -2.227594 -2.221892 -2.195309 -2.15311 -2.101015 -2.042164 -1.978903 -1.912951 
0.3859802 1.021287 1.422415 1.452186 1.08015 0.4957938 -0.04267973 -0.4102727 -0.6271301 -0.905952 -1.34369 -1.744799 -1.796732 -1.424079 -0.7826779 -0.113064 0.4276269 0.7508499 0.8254089 0.7143485 0.4954702 0.2836685 0.131047 0.01187967 -0.1437087 -0.4034727 -0.766556 -1.177413 -1.555254 -1.833939 -2.001021 -2.106269 -2.170522 -2.200397 -2.202541 -2.182377 -2.143881 -2.092448 -2.033671 -1.970267 -1.904181 -1.83678 
0.3432264 0.8022244 1.024245 0.920252 0.4991437 -0.07728563 -0.5653025 -0.822871 -0.9160445 -1.083355 -1.41086 -1.719846 -1.75662 -1.461584 -0.972254 -0.4878993 -0.1032049 0.1401643 0.2243993 0.1946993 0.07434694 -0.07084033 -0.1821975 -0.266498 -0.3877513 -0.6122453 -0.9420955 -1.318454 -1.656606 -1.89181 -2.020852 -2.09806 -2.138967 -2.149828 -2.136698 -2.104485 -2.056847 -1.999118 -1.936529 -1.871278 -1.804858 -1.738266 
0.2869705 0.5540336 0.6120436 0.4280492 0.03329728 -0.4597456 -0.8399384 -0.9550459 -0.9003353 -0.9114607 -1.062008 -1.219596 -1.228955 -1.066789 -0.8165475 -0.5762199 -0.3588327 -0.1766688 -0.07033476 -0.03307973 -0.09391035 -0.2268611 -0.3585934 -0.4717128 -0.6161151 -0.8442006 -1.150389 -1.476652 -1.746722 -1.912368 -1.993683 -2.044394 -2.061858 -2.052672 -2.023429 -1.979777 -1.92605 -1.866716 -1.805365 -1.743536 -1.682176 -1.621852 
0.3204123 0.4616278 0.4599039 0.3028473 0.01185914 -0.35837 -0.6440804 -0.7040519 -0.5989922 -0.5246676 -0.540665 -0.5659409 -0.5377802 -0.4714686 -0.4009129 -0.322847 -0.1866304 0.006644766 0.1763527 0.2571323 0.1910444 -0.0009076063 -0.2304857 -0.4577829 -0.7071301 -1.006491 -1.328893 -1.614666 -1.806634 -1.888505 -1.918156 -1.945671 -1.939916 -1.909212 -1.862771 -1.809028 -1.754101 -1.700109 -1.647371 -1.596603 -1.548092 -1.501889 
0.4078447 0.4953859 0.5165731 0.4418327 0.2531052 -0.02544829 -0.2620437 -0.3412892 -0.2823423 -0.2180916 -0.1835166 -0.1290156 -0.04607973 0.02425899 0.05749231 0.1068533 0.25052 0.4902951 0.7216215 0.8279966 0.7381819 0.4809568 0.1434533 -0.2205503 -0.6029907 -1.007593 -1.38098 -1.654819 -1.78989 -1.803125 -1.790967 -1.801641 -1.778077 -1.730989 -1.673108 -1.61613 -1.567177 -1.525118 -1.48729 -1.45354 -1.423496 -1.396712 
0.5185681 0.5459605 0.5514389 0.486873 0.3302627 0.1081469 -0.09723568 -0.2123453 -0.2229642 -0.186141 -0.1128321 0.01518054 0.1778825 0.3245301 0.4110031 0.4941418 0.6599595 0.9173039 1.166107 1.280943 1.191341 0.9184883 0.5300828 0.08057701 -0.3976878 -0.8852028 -1.305 -1.578778 -1.679142 -1.647663 -1.609513 -1.613083 -1.583972 -1.534316 -1.479008 -1.431187 -1.39617 -1.370211 -1.350517 -1.336244 -1.3265 -1.32046 
0.724471 0.641287 0.5290561 0.3546277 0.1270291 -0.1081717 -0.3046262 -0.4330069 -0.4574189 -0.3782871 -0.2070132 0.02741952 0.284165 0.515198 0.6540285 0.7480605 0.8947621 1.126701 1.364764 1.484873 1.424127 1.182656 0.8027083 0.3329046 -0.1818303 -0.7012381 -1.134128 -1.3997 -1.477647 -1.422677 -1.37469 -1.383336 -1.366439 -1.335007 -1.302201 -1.278368 -1.26343 -1.253667 -1.250941 -1.254047 -1.261824 -1.273254 
1.031837 0.8198929 0.5230168 0.1468007 -0.2539416 -0.5970674 -0.819608 -0.8975285 -0.8177278 -0.5952404 -0.2695182 0.08894801 0.4257192 0.7001255 0.8340828 0.8737316 0.9441743 1.123335 1.358377 1.508921 1.497582 1.306356 0.9641474 0.5151435 0.008282929 -0.4980599 -0.9080742 -1.149002 -1.20662 -1.140683 -1.095009 -1.120493 -1.133129 -1.139828 -1.147343 -1.158307 -1.165036 -1.167384 -1.176203 -1.190349 -1.208697 -1.230262 
1.401006 1.045192 0.538828 -0.07086544 -0.6820177 -1.167389 -1.411514 -1.369446 -1.095104 -0.6854538 -0.2187565 0.2321808 0.6044849 0.8624735 0.9318205 0.8641911 0.8190207 0.9282761 1.169283 1.375906 1.437889 1.314255 1.028841 0.6227946 0.1454247 -0.3256643 -0.6918646 -0.8944915 -0.9271476 -0.8528695 -0.8161319 -0.8643707 -0.9108281 -0.9602805 -1.013463 -1.064465 -1.096741 -1.113457 -1.13502 -1.160764 -1.189913 -1.22174 
1.571002 1.077474 0.4080543 -0.3584315 -1.090227 -1.63271 -1.832968 -1.638264 -1.18061 -0.6283932 -0.07577311 0.420298 0.7805997 0.9587653 0.8995736 0.6824355 0.5075284 0.5499372 0.8126628 1.105812 1.26874 1.229672 1.013147 0.6594924 0.2207308 -0.206891 -0.5258846 -0.6920067 -0.7063832 -0.6333598 -0.614567 -0.6866484 -0.7581494 -0.8369177 -0.9232508 -1.007342 -1.066613 -1.103647 -1.143582 -1.186464 -1.232067 -1.28008 
1.340322 0.7738649 0.06864904 -0.6982682 -1.393724 -1.861701 -1.960493 -1.659056 -1.116264 -0.521713 0.04668572 0.5480095 0.8639577 0.9125757 0.6650234 0.2731476 -0.01249864 -0.003807563 0.3091034 0.7200813 1.016426 1.085983 0.9499778 0.6546806 0.2627157 -0.1185129 -0.4004892 -0.5486086 -0.5669728 -0.5156861 -0.5265982 -0.6213332 -0.7048376 -0.7910734 -0.8858219 -0.9826991 -1.060309 -1.11724 -1.175488 -1.235817 -1.298594 -1.363964 
0.8717682 0.317588 -0.3146029 -0.9746209 -1.552397 -1.909777 -1.934072 -1.608345 -1.076899 -0.5214385 0.007708774 0.4723196 0.7040864 0.5915958 0.1504679 -0.3797107 -0.7034619 -0.6577944 -0.2658146 0.2674444 0.7093027 0.9101279 0.8711551 0.6434605 0.3073963 -0.0277788 -0.2905831 -0.4480588 -0.4998609 -0.4943349 -0.5454139 -0.6599664 -0.743927 -0.8177658 -0.8965576 -0.9837117 -1.066623 -1.138205 -1.210281 -1.284202 -1.360852 -1.440781 
0.4905542 0.01514739 -0.5013005 -1.046454 -1.544368 -1.879949 -1.949571 -1.718074 -1.271407 -0.7689092 -0.2662757 0.1601183 0.2965282 0.04160029 -0.5295619 -1.113418 -1.38821 -1.238316 -0.7576949 -0.1283496 0.4337938 0.7574176 0.8133634 0.6534165 0.3764524 0.0840462 -0.1752289 -0.3633018 -0.4691177 -0.5237848 -0.6180463 -0.7488483 -0.8293201 -0.8837364 -0.9358205 -1.00055 -1.077868 -1.156099 -1.234658 -1.315364 -1.399506 -1.487939 
0.4061932 0.02824749 -0.3903027 -0.8709914 -1.369564 -1.789389 -2.026027 -2.015501 -1.744161 -1.256366 -0.6778281 -0.2165914 -0.1161412 -0.4354692 -1.046729 -1.60549 -1.797689 -1.557689 -1.026682 -0.3564365 0.2646417 0.6577821 0.7765492 0.670146 0.4470683 0.1946293 -0.05988867 -0.2722892 -0.4212903 -0.5229333 -0.6477069 -0.7914166 -0.8782215 -0.9295163 -0.970361 -1.021168 -1.090386 -1.166579 -1.243047 -1.322018 -1.405106 -1.493398 
0.543332 0.2630278 -0.08155948 -0.5313269 -1.062633 -1.588098 -2.000428 -2.208275 -2.103817 -1.622677 -0.9543861 -0.4312972 -0.3146319 -0.6262792 -1.20349 -1.686922 -1.809223 -1.546858 -1.040996 -0.4114569 0.190128 0.594465 0.7462288 0.6853505 0.517301 0.31041 0.07354312 -0.1441731 -0.313436 -0.4385107 -0.5723763 -0.7220674 -0.8317764 -0.9120321 -0.9781166 -1.043688 -1.114022 -1.183994 -1.253766 -1.325782 -1.401843 -1.483167 
0.734683 0.5538321 0.2757227 -0.1442368 -0.6878121 -1.265905 -1.763441 -2.061953 -2.008554 -1.553882 -0.890674 -0.3691297 -0.2437152 -0.5166395 -1.021314 -1.417803 -1.489766 -1.242941 -0.8044023 -0.2687454 0.2455802 0.5983646 0.737739 0.6948683 0.5668622 0.3968286 0.1725795 -0.05098422 -0.2361406 -0.3755661 -0.5042095 -0.6446534 -0.7700481 -0.8816787 -0.9829446 -1.075374 -1.153464 -1.218102 -1.281409 -1.345755 -1.412931 -1.484199 
0.8339334 0.7575575 0.5552064 0.1925081 -0.3098143 -0.8653086 -1.353269 -1.640603 -1.57439 -1.149465 -0.5609138 -0.1140178 -0.01349177 -0.24928 -0.677508 -1.002305 -1.047203 -0.8317778 -0.4690332 -0.04381759 0.3469209 0.6048834 0.69157 0.6329079 0.5172966 0.3654566 0.1475648 -0.07780032 -0.2681974 -0.4090992 -0.5217926 -0.6385972 -0.7592037 -0.8831574 -1.006531 -1.119853 -1.205168 -1.265317 -1.322231 -1.378048 -1.434478 -1.492823 
0.7843735 0.8366438 0.7471655 0.485645 0.06862395 -0.423618 -0.8664994 -1.117013 -1.031417 -0.6440672 -0.1523063 0.1963623 0.263817 0.06425845 -0.2921446 -0.5710013 -0.6284025 -0.4778299 -0.2140495 0.08958165 0.3541471 0.5153885 0.5432997 0.4558887 0.3335175 0.1869524 -0.02270076 -0.2386236 -0.4198283 -0.5501472 -0.6422675 -0.7281939 -0.8254102 -0.9388866 -1.063457 -1.18299 -1.269758 -1.324429 -1.373459 -1.418765 -1.462024 -1.504646 
0.6035325 0.8032202 0.8618411 0.7376063 0.4287648 0.009018725 -0.3892566 -0.6151285 -0.5325176 -0.1971955 0.2027094 0.4723023 0.51864 0.3633656 0.08680145 -0.1548377 -0.2636916 -0.2393898 -0.129771 0.03017368 0.1861972 0.280936 0.27368 0.1672699 0.03529041 -0.1057338 -0.2959213 -0.4880933 -0.6486657 -0.7632115 -0.8380038 -0.8959838 -0.9626132 -1.050863 -1.158443 -1.267719 -1.34683 -1.392551 -1.430448 -1.462366 -1.490056 -1.515119 
0.369711 0.6860113 0.8781994 0.8897876 0.6941919 0.3552871 0.008446403 -0.1986069 -0.1436007 0.1142742 0.4138431 0.6109765 0.644116 0.5406766 0.3576069 0.166254 0.00199333 -0.1177285 -0.1788632 -0.1602286 -0.08639571 -0.0248141 -0.04129744 -0.1505094 -0.2826446 -0.4083176 -0.5688655 -0.732739 -0.8754618 -0.9827486 -1.05222 -1.095116 -1.138544 -1.200102 -1.281093 -1.366858 -1.428623 -1.460826 -1.484276 -1.500964 -1.512829 -1.521683 
0.1168204 0.4933492 0.7666773 0.8771291 0.7920074 0.5588026 0.2921037 0.1188575 0.1338202 0.2837777 0.4504328 0.5456331 0.5472943 0.4889328 0.4028368 0.2900296 0.1217005 -0.0790058 -0.2567021 -0.3395906 -0.3305577 -0.3074762 -0.3481747 -0.4702212 -0.600263 -0.6977974 -0.8151646 -0.9425965 -1.066065 -1.169769 -1.241087 -1.281343 -1.31442 -1.355937 -1.408487 -1.462552 -1.498224 -1.511019 -1.515351 -1.513394 -1.507233 -1.498785 
-0.2482868 0.1698705 0.4994784 0.6913064 0.7190349 0.6108519 0.4471746 0.3203712 0.2880758 0.3126805 0.3219902 0.2842332 0.2306806 0.2068974 0.2247581 0.2322216 0.1389748 -0.06927596 -0.3188706 -0.4927285 -0.5797766 -0.647363 -0.7564356 -0.9133273 -1.039646 -1.086136 -1.128439 -1.187753 -1.264864 -1.34556 -1.411817 -1.45475 -1.485659 -1.513939 -1.541203 -1.562637 -1.568267 -1.557018 -1.53786 -1.513006 -1.484564 -1.454452 
-0.7373142 -0.2706758 0.1264024 0.4146694 0.5674504 0.5908828 0.5294759 0.4421728 0.3626431 0.2799006 0.1633078 0.02499218 -0.06015034 -0.03305082 0.1222504 0.2966305 0.3114843 0.09162137 -0.2693983 -0.5956969 -0.8447876 -1.044081 -1.232273 -1.41777 -1.529589 -1.513355 -1.470942 -1.45238 -1.470559 -1.514493 -1.568574 -1.615448 -1.646883 -1.665922 -1.67286 -1.66645 -1.644612 -1.609905 -1.567818 -1.520499 -1.47002 -1.418236 
-1.302485 -0.7700621 -0.279629 0.1257171 0.4043552 0.5389917 0.5465082 0.4737202 0.3650832 0.2446069 0.1098146 -0.01226477 -0.03858346 0.08758939 0.3819736 0.6934868 0.7663258 0.4563444 -0.1138829 -0.679052 -1.119486 -1.419381 -1.633657 -1.80833 -1.895595 -1.834302 -1.740216 -1.675161 -1.653169 -1.665037 -1.704991 -1.753312 -1.782596 -1.792594 -1.783557 -1.756637 -1.714093 -1.660619 -1.600102 -1.534587 -1.466078 -1.396324 
-1.822465 -1.213299 -0.6213492 -0.1091369 0.2531768 0.4292941 0.4372923 0.3463127 0.2357131 0.1682555 0.1493754 0.1804931 0.3034285 0.5451417 0.9044896 1.222576 1.232427 0.7483711 -0.06951835 -0.8420385 -1.367072 -1.63889 -1.780513 -1.897426 -1.963451 -1.903336 -1.826133 -1.779968 -1.765337 -1.770507 -1.802554 -1.848861 -1.871925 -1.872125 -1.851211 -1.81168 -1.756678 -1.691085 -1.618635 -1.541325 -1.461042 -1.379421 
-2.160326 -1.475241 -0.8017064 -0.2269015 0.1524495 0.2917947 0.2311353 0.08180885 -0.02560775 0.001048131 0.1551358 0.3916546 0.6799947 0.9972777 1.320933 1.496025 1.307088 0.6354313 -0.2858959 -1.031224 -1.422251 -1.534996 -1.55607 -1.618673 -1.690129 -1.680827 -1.685314 -1.72078 -1.765491 -1.799814 -1.838069 -1.881937 -1.898355 -1.890351 -1.861632 -1.815443 -1.754411 -1.682728 -1.60445 -1.521646 -1.436134 -1.349451 
-2.259784 -1.504776 -0.7822936 -0.1932602 0.1544504 0.2146078 0.04706676 -0.1970909 -0.323951 -0.2293935 0.05230688 0.4487045 0.8703915 1.23689 1.491828 1.483012 1.082381 0.3206292 -0.4870708 -0.9759147 -1.11319 -1.064171 -1.019061 -1.08346 -1.19528 -1.266216 -1.382183 -1.529874 -1.666572 -1.760002 -1.820433 -1.863878 -1.872701 -1.854487 -1.816763 -1.764809 -1.700777 -1.626767 -1.546679 -1.462736 -1.37675 -1.290172 
-2.113299 -1.307217 -0.5506937 0.045065 0.360737 0.3427028 0.06433036 -0.2965218 -0.4909366 -0.4136612 -0.1175591 0.3252803 0.8084912 1.221392 1.470095 1.398763 0.9606279 0.2991872 -0.2692931 -0.4933254 -0.4508272 -0.3368073 -0.3036211 -0.4132599 -0.5853376 -0.7490861 -0.9790677 -1.240041 -1.474644 -1.637607 -1.72941 -1.778319 -1.783754 -1.758582 -1.715573 -1.662574 -1.599726 -1.526163 -1.447108 -1.36494 -1.281476 -1.198076 
-1.849778 -1.041814 -0.2720917 0.3435593 0.6649615 0.6140318 0.2733576 -0.167191 -0.4486174 -0.4713866 -0.2743204 0.1032911 0.5828918 1.053319 1.398247 1.453115 1.200862 0.808337 0.5100856 0.4310215 0.4809969 0.5191796 0.455254 0.2634321 0.01918745 -0.2327135 -0.5512382 -0.8944612 -1.20187 -1.421564 -1.545639 -1.608816 -1.62097 -1.598635 -1.559137 -1.512241 -1.454948 -1.384237 -1.308553 -1.230424 -1.151669 -1.073559 
-1.604778 -0.8745039 -0.150181 0.4585063 0.7933643 0.7492377 0.4117477 -0.03804694 -0.3615152 -0.4809994 -0.4138363 -0.1418099 0.3103086 0.8451516 1.341156 1.628882 1.671008 1.574443 1.478691 1.442321 1.408159 1.309484 1.116174 0.8321421 0.5145782 0.1888178 -0.1816853 -0.5624814 -0.9012903 -1.149197 -1.297279 -1.379091 -1.4032 -1.388769 -1.357066 -1.319554 -1.270389 -1.204937 -1.134855 -1.062784 -0.9905201 -0.9192497 
-1.400754 -0.8238431 -0.2318362 0.2826903 0.5641587 0.5262579 0.2439035 -0.1330685 -0.4064493 -0.5364716 -0.5406833 -0.3497365 0.065686 0.6339098 1.246144 1.73277 2.020154 2.147364 2.183725 2.165595 2.06667 1.867267 1.578337 1.22631 0.8505102 0.4717494 0.08053505 -0.3009662 -0.6336597 -0.8792188 -1.036891 -1.132723 -1.163308 -1.15142 -1.122667 -1.091051 -1.049925 -0.9923353 -0.9302028 -0.8662084 -0.8020798 -0.738919 
-1.180655 -0.7633187 -0.3538484 -0.0231607 0.1203865 0.04093044 -0.1847436 -0.4368006 -0.5747522 -0.6141552 -0.5979381 -0.4505121 -0.09827245 0.4288768 1.048497 1.602274 1.994475 2.244788 2.405 2.468789 2.394371 2.180283 1.863415 1.485461 1.079958 0.6709285 0.2683597 -0.1070797 -0.4225246 -0.6505907 -0.8046542 -0.9023748 -0.9257829 -0.9035942 -0.866581 -0.8326568 -0.7976411 -0.7507276 -0.6990523 -0.6452162 -0.590826 -0.5369152 
-0.8899274 -0.5996673 -0.3728722 -0.2607961 -0.3022924 -0.4688314 -0.6628569 -0.7769488 -0.7339283 -0.6227569 -0.5317203 -0.4089895 -0.1458831 0.268883 0.7887767 1.290345 1.674233 1.975737 2.25708 2.449013 2.461164 2.294819 2.001994 1.6352 1.231393 0.8165383 0.4091279 0.03882758 -0.2596347 -0.4662327 -0.6087506 -0.6961904 -0.6978812 -0.6514118 -0.5942245 -0.5497245 -0.5188082 -0.4848213 -0.445608 -0.4035953 -0.3602798 -0.3166636 
-0.5096429 -0.3365968 -0.2826748 -0.3839625 -0.6178225 -0.8909212 -1.071405 -1.046561 -0.8018633 -0.5165947 -0.3371006 -0.2370035 -0.0784962 0.1799608 0.5315228 0.9128936 1.237289 1.546271 1.897909 2.180665 2.278403 2.181596 1.941302 1.613835 1.236724 0.8394148 0.4488747 0.1023706 -0.1642373 -0.3381841 -0.4611155 -0.5274533 -0.4918171 -0.4047985 -0.3135338 -0.2492617 -0.2198736 -0.2000076 -0.1741857 -0.1447719 -0.113239 -0.08059106 
-0.09291419 -0.02439928 -0.1112236 -0.3775537 -0.7553623 -1.106105 -1.26983 -1.122563 -0.7070294 -0.2820252 -0.04355926 0.01811156 0.06707738 0.1574817 0.3134076 0.5514781 0.8190002 1.129358 1.488267 1.793644 1.945695 1.917184 1.740553 1.463099 1.123279 0.7552776 0.3942194 0.08388685 -0.139983 -0.2724014 -0.3687122 -0.4034877 -0.3150242 -0.1709754 -0.03125948 0.06260441 0.09371245 0.09890361 0.1109601 0.127498 0.1469871 0.1683892 
0.3190873 0.29627 0.107659 -0.2463263 -0.6781955 -1.035062 -1.153859 -0.9300326 -0.4316211 0.05056934 0.2918585 0.2945268 0.2429828 0.1813448 0.1464871 0.2391026 0.4465027 0.7451937 1.085889 1.375983 1.546662 1.566528 1.446235 1.217227 0.9164888 0.5817921 0.255867 -0.01141043 -0.1855948 -0.2701838 -0.3342702 -0.3280039 -0.1720582 0.04501401 0.2474594 0.3809912 0.4176327 0.408196 0.4064753 0.4101368 0.4175858 0.427724 
0.717838 0.6272787 0.3852209 0.01616589 -0.3882242 -0.686303 -0.7394758 -0.4960259 -0.02396556 0.4172643 0.6063536 0.536507 0.4052506 0.2250475 0.02320029 -0.02536787 0.1041294 0.3674597 0.6808477 0.949207 1.119889 1.166643 1.08676 0.8982744 0.6346541 0.3339637 0.04520639 -0.1756963 -0.2963055 -0.3291026 -0.3569354 -0.3015442 -0.06486535 0.2401446 0.518958 0.7020501 0.7483073 0.7247363 0.7095674 0.7005885 0.6961899 0.6952206 
