simulated_pattern_fig3.txt
ncols   80
nrows   80
xllcorner   0.000000
yllcorner   0.000000
cellsize   1
NODATA_value   -9999
[rows 0 to 27 of 80, columns 0 to 62 of 80]
0.046316 0.042268 0.038293 0.039893 0.040473 0.037029 0.037527 0.037874 0.038144 0.039232 0.041662 0.045918 0.066663 0.10526 0.069498 0.055535 0.052856 0.053809 0.056497 0.074148 0.099459 0.056924 0.053479 0.055204 0.057425 0.055239 0.051706 0.052114 0.053788 0.055545 0.061187 0.076547 0.1811 0.15396 0.28046 0.38519 0.11325 0.081323 0.079247 0.060807 0.054298 0.051484 0.057779 0.059216 0.039839 0.036006 0.03546 0.033153 0.033394 0.032846 0.033846 0.03424 0.031474 0.030704 0.02997 0.029475 0.029213 0.029071 0.029055 0.029126 0.029353 0.029626 0.030006
0.045441 0.04137 0.039219 0.039054 0.041314 0.039133 0.038587 0.038881 0.040626 0.039412 0.043042 0.045526 0.067811 0.24611 0.077939 0.056982 0.051882 0.0533 0.065297 0.064144 0.065091 0.057513 0.054907 0.054093 0.060041 0.065817 0.058827 0.058343 0.05606 0.054585 0.057147 0.065594 0.091276 0.1223 0.30893 0.6753 0.17648 0.081411 0.079847 0.081159 0.083664 0.045334 0.041009 0.041191 0.042171 0.037475 0.033675 0.032856 0.033352 0.036662 0.036036 0.033053 0.03235 0.031517 0.030322 0.02968 0.029492 0.02914 0.029108 0.029091 0.029267 0.029504 0.029941
0.042924 0.041501 0.040606 0.039365 0.040231 0.045531 0.047233 0.040693 0.042317 0.0401 0.041841 0.04496 0.062257 0.11363 0.061481 0.051046 0.05371 0.068142 0.098483 0.075239 0.06804 0.058034 0.056677 0.058214 0.06777 0.10559 0.075123 0.070497 0.067647 0.058884 0.058521 0.060432 0.065243 0.076224 0.10014 0.18008 0.13428 0.072704 0.063375 0.051945 0.045752 0.040494 0.037956 0.036644 0.036285 0.034304 0.033023 0.032857 0.034095 0.055087 0.065688 0.037492 0.038207 0.03726 0.031673 0.03049 0.030626 0.02949 0.029202 0.029209 0.029399 0.029672 0.030033
0.045581 0.042436 0.040502 0.039994 0.041629 0.044704 0.069439 0.04472 0.040981 0.041305 0.040908 0.044119 0.054032 0.059923 0.054243 0.047946 0.051795 0.087294 0.081711 0.14094 0.092738 0.057581 0.064075 0.076794 0.098791 0.25908 0.22478 0.14604 0.10453 0.075015 0.070987 0.0598 0.059073 0.062891 0.066141 0.073421 0.069373 0.05794 0.05143 0.04413 0.040557 0.038197 0.036799 0.035174 0.034046 0.033312 0.032562 0.032565 0.033635 0.038372 0.047961 0.037812 0.036996 0.040232 0.033636 0.03176 0.030251 0.029676 0.029337 0.029357 0.029439 0.029747 0.030155
0.047671 0.044313 0.041798 0.040788 0.04016 0.042977 0.044479 0.042728 0.048435 0.041474 0.041357 0.042161 0.045796 0.059918 0.057081 0.048808 0.049084 0.058042 0.063743 0.084277 0.067278 0.060848 0.072028 0.10055 0.18058 0.25475 0.53516 0.12544 0.088219 0.093995 0.17965 0.073706 0.06007 0.072453 0.061058 0.062473 0.079281 0.054456 0.047098 0.041668 0.039118 0.036987 0.035519 0.034935 0.034596 0.035575 0.032489 0.032232 0.032669 0.03279 0.034537 0.043876 0.03672 0.039989 0.036471 0.034989 0.030858 0.029824 0.029494 0.029568 0.029701 0.030074 0.030391
0.051767 0.046685 0.043634 0.042034 0.041263 0.041581 0.04353 0.043616 0.041364 0.039892 0.041281 0.04176 0.046713 0.056267 0.050326 0.046387 0.047242 0.050301 0.054796 0.062163 0.085683 0.058306 0.062255 0.074205 0.15141 0.10975 0.10488 0.087922 0.1013 0.07799 0.066657 0.062855 0.070137 0.17419 0.086705 0.06612 0.077037 0.050097 0.045507 0.04086 0.038828 0.036056 0.03502 0.034239 0.034089 0.033184 0.033253 0.032595 0.032274 0.032556 0.033702 0.036267 0.03291 0.03494 0.042271 0.036285 0.03401 0.03037 0.029739 0.029805 0.029838 0.030263 0.030637
0.058931 0.050983 0.045894 0.043827 0.045009 0.042936 0.049361 0.045989 0.041064 0.040249 0.040145 0.041127 0.045139 0.044562 0.045194 0.04862 0.050645 0.050583 0.050974 0.052928 0.055831 0.05812 0.066334 0.06787 0.079249 0.07324 0.067383 0.068483 0.076307 0.075461 0.066981 0.060219 0.066325 0.074546 0.061643 0.063319 0.10047 0.046972 0.041229 0.041721 0.037932 0.035778 0.034708 0.034318 0.033304 0.032921 0.033059 0.033855 0.034148 0.033305 0.033992 0.037905 0.033973 0.033536 0.035263 0.035632 0.040536 0.030853 0.030044 0.03012 0.030326 0.030673 0.031103
0.06578 0.054379 0.048669 0.046675 0.04382 0.042931 0.041828 0.043203 0.043838 0.039651 0.039431 0.040243 0.041988 0.044998 0.046221 0.052522 0.080905 0.063152 0.056255 0.057472 0.055846 0.058333 0.072284 0.13751 0.089653 0.075321 0.0782 0.069045 0.088902 0.1562 0.096157 0.056147 0.055251 0.054441 0.059178 0.062268 0.057524 0.04502 0.039536 0.03811 0.036933 0.034765 0.033875 0.03359 0.032942 0.033072 0.034199 0.037775 0.047686 0.035793 0.032921 0.03261 0.032196 0.03297 0.033552 0.032806 0.03183 0.030656 0.030404 0.030549 0.030796 0.031107 0.031598
0.065989 0.058008 0.05975 0.053363 0.045081 0.043168 0.041453 0.040681 0.040195 0.039678 0.039493 0.03997 0.041006 0.043697 0.045995 0.055461 0.075496 0.086982 0.093111 0.072269 0.068429 0.066646 0.090884 0.33937 0.22357 0.074334 0.06327 0.081924 0.17129 0.20625 0.083195 0.053707 0.050869 0.050377 0.049102 0.049499 0.044271 0.040212 0.038352 0.036817 0.035228 0.034658 0.033792 0.033608 0.033682 0.035689 0.036366 0.060127 0.09019 0.042346 0.033887 0.03263 0.034431 0.033788 0.032403 0.031292 0.031577 0.031156 0.030752 0.03122 0.032375 0.031949 0.032813
0.091738 0.065885 0.075428 0.057814 0.047209 0.044309 0.043473 0.042575 0.040507 0.040297 0.039908 0.040252 0.041082 0.043422 0.047595 0.054936 0.08235 0.092876 0.094686 0.099208 0.11057 0.10149 0.10195 0.14022 0.18788 0.077173 0.06377 0.083836 0.12989 0.12716 0.092716 0.054311 0.05143 0.053182 0.046534 0.041924 0.04057 0.038716 0.037721 0.036553 0.034915 0.035559 0.033492 0.034712 0.039676 0.045286 0.042055 0.056274 0.060462 0.038057 0.033947 0.032574 0.032602 0.03179 0.031595 0.03175 0.031802 0.031563 0.031527 0.032181 0.034037 0.032668 0.032878
0.13782 0.083265 0.079546 0.06043 0.055082 0.047414 0.043593 0.047396 0.043305 0.040355 0.039996 0.040514 0.042397 0.044842 0.060915 0.079202 0.096693 0.1368 0.15981 0.2628 0.090023 0.11144 0.10936 0.11378 0.13857 0.085175 0.0753 0.078598 0.094073 0.063588 0.052798 0.049332 0.051184 0.047513 0.043249 0.043635 0.047144 0.039714 0.038161 0.035984 0.034634 0.034154 0.033329 0.033483 0.033922 0.035689 0.056912 0.037281 0.036071 0.034759 0.035212 0.032954 0.032337 0.031842 0.031887 0.031715 0.031794 0.033706 0.035138 0.0376 0.039954 0.035167 0.033497
0.091958 0.079126 0.064107 0.057999 0.05918 0.049758 0.044495 0.043245 0.041524 0.040509 0.040284 0.040845 0.045644 0.044289 0.055991 0.076816 0.10172 0.11257 0.15136 0.31186 0.077947 0.062684 0.062705 0.06165 0.066959 0.078481 0.065444 0.066398 0.062682 0.050143 0.046543 0.049357 0.046012 0.042189 0.040837 0.045347 0.057879 0.050428 0.04591 0.037247 0.034705 0.033816 0.034775 0.033247 0.034804 0.033868 0.034523 0.034661 0.035618 0.033664 0.03327 0.032817 0.032747 0.033076 0.03333 0.032445 0.032314 0.032853 0.035856 0.03931 0.063295 0.041965 0.03482
0.11486 0.074754 0.062163 0.063771 0.10614 0.056102 0.046499 0.043587 0.041817 0.041019 0.04086 0.041434 0.043728 0.044145 0.047145 0.050188 0.057117 0.070534 0.073189 0.1009 0.065006 0.069098 0.065278 0.055278 0.079095 0.10769 0.058381 0.064968 0.057719 0.048918 0.044459 0.04581 0.047984 0.04272 0.040871 0.048122 0.057393 0.067345 0.059542 0.037564 0.034961 0.034656 0.034066 0.033066 0.03322 0.033322 0.032934 0.036761 0.035243 0.033517 0.03351 0.033932 0.034606 0.035438 0.035649 0.033866 0.033219 0.032989 0.033467 0.035915 0.036383 0.037066 0.037948
0.1244 0.074167 0.063189 0.059948 0.081225 0.057687 0.050283 0.046236 0.043629 0.041939 0.041713 0.041618 0.042449 0.045455 0.046301 0.047752 0.0489 0.053716 0.056034 0.057015 0.065612 0.077637 0.054539 0.052401 0.060905 0.11894 0.055737 0.050122 0.048202 0.045839 0.047441 0.045673 0.055784 0.047433 0.04189 0.046456 0.059443 0.062688 0.045381 0.038949 0.035975 0.035278 0.033865 0.035031 0.033336 0.032635 0.032879 0.033393 0.035287 0.035875 0.035343 0.036266 0.037862 0.039147 0.038006 0.036277 0.039328 0.034013 0.033539 0.034371 0.034286 0.035541 0.045806
0.096111 0.079519 0.063671 0.06311 0.093849 0.075482 0.057357 0.046459 0.044036 0.043844 0.042347 0.042564 0.043343 0.044871 0.048794 0.057086 0.049688 0.049169 0.049491 0.050967 0.05324 0.054108 0.051581 0.051609 0.052844 0.055593 0.046938 0.044136 0.042523 0.041788 0.041674 0.042413 0.05144 0.044781 0.044588 0.047011 0.046039 0.054834 0.053314 0.053444 0.038289 0.034858 0.034542 0.034942 0.034375 0.03327 0.03521 0.033744 0.035143 0.037965 0.038963 0.042206 0.050544 0.071355 0.045429 0.040156 0.044796 0.035366 0.034366 0.035005 0.035362 0.03661 0.038833
0.097019 0.10216 0.07299 0.099831 0.10769 0.059032 0.051493 0.049799 0.049421 0.048102 0.044349 0.044205 0.044716 0.04972 0.068056 0.062341 0.052641 0.04822 0.050441 0.052023 0.062217 0.072543 0.075632 0.050378 0.046481 0.0452 0.044879 0.042161 0.04068 0.040066 0.040612 0.04493 0.055923 0.05341 0.05559 0.083318 0.053088 0.060622 0.065622 0.061926 0.044752 0.039613 0.037949 0.035612 0.036428 0.034194 0.033908 0.034438 0.036233 0.042125 0.062848 0.072649 0.15934 0.067419 0.041994 0.04349 0.045151 0.036276 0.035 0.035301 0.03562 0.037101 0.03666
0.069943 0.064212 0.069822 0.11579 0.091173 0.066748 0.057747 0.090122 0.057813 0.060451 0.058655 0.047996 0.050459 0.0518 0.065371 0.070622 0.05428 0.051124 0.065439 0.049624 0.056442 0.068946 0.057543 0.045909 0.043456 0.042545 0.042354 0.044561 0.041096 0.03992 0.039991 0.040575 0.047288 0.12245 0.054097 0.051086 0.043968 0.045681 0.044085 0.048743 0.045502 0.035459 0.034776 0.042654 0.037972 0.033578 0.034086 0.035369 0.038903 0.062866 0.11526 0.1048 0.12962 0.073301 0.042666 0.043496 0.045913 0.036986 0.036215 0.03703 0.039544 0.042637 0.039366
0.060588 0.058893 0.059575 0.071089 0.12005 0.081443 0.054007 0.070279 0.050901 0.050852 0.051915 0.050741 0.08756 0.063794 0.072045 0.075627 0.059083 0.057344 0.061581 0.050479 0.050928 0.048084 0.045529 0.04381 0.042718 0.041946 0.043025 0.045805 0.04159 0.039752 0.039224 0.040238 0.044076 0.08256 0.051493 0.042239 0.038587 0.039288 0.041436 0.038431 0.038271 0.034794 0.034679 0.039118 0.034965 0.033255 0.034333 0.037446 0.044966 0.080937 0.08205 0.064518 0.063731 0.080593 0.045693 0.041877 0.039515 0.038265 0.038655 0.048314 0.046745 0.050409 0.043722
0.057927 0.060826 0.061421 0.064499 0.081198 0.062021 0.051187 0.051006 0.046634 0.045676 0.046829 0.051163 0.05439 0.069746 0.12 0.1407 0.084242 0.080295 0.061379 0.050939 0.048555 0.047476 0.044732 0.043551 0.043788 0.04205 0.042989 0.049841 0.044583 0.040156 0.03857 0.03865 0.041232 0.045153 0.041757 0.041213 0.037244 0.036071 0.036783 0.03563 0.03508 0.034011 0.033154 0.032964 0.033241 0.032985 0.034548 0.039232 0.046671 0.097541 0.062919 0.064474 0.05842 0.04688 0.046346 0.042826 0.041843 0.041317 0.042812 0.058758 0.050843 0.042739 0.041325
0.058876 0.071001 0.11113 0.13504 0.10509 0.067807 0.05408 0.048032 0.046072 0.045911 0.052754 0.047766 0.048924 0.054999 0.088297 0.099203 0.076898 0.14846 0.10548 0.068463 0.052339 0.05035 0.04596 0.045581 0.049981 0.044059 0.04928 0.099753 0.048957 0.039317 0.038751 0.038866 0.041669 0.042495 0.041887 0.046354 0.038894 0.035927 0.034752 0.035239 0.040549 0.035334 0.032944 0.032505 0.033611 0.032852 0.034148 0.037026 0.042543 0.048797 0.070514 0.14614 0.064385 0.049323 0.049541 0.041472 0.043952 0.052595 0.052626 0.048983 0.046451 0.04603 0.044281
0.056622 0.06235 0.11373 0.3445 0.081746 0.057925 0.052166 0.047533 0.04672 0.047052 0.052384 0.049187 0.050411 0.055219 0.060029 0.063006 0.061957 0.073481 0.077244 0.15237 0.058321 0.050826 0.050777 0.056153 0.062917 0.047101 0.044898 0.047548 0.042036 0.039172 0.038815 0.044263 0.052881 0.045592 0.050213 0.11921 0.045 0.035342 0.03458 0.034629 0.040135 0.050349 0.033457 0.032253 0.032782 0.033021 0.033655 0.035692 0.040738 0.049648 0.1084 0.11884 0.14763 0.055074 0.042672 0.043695 0.060485 0.079019 0.093496 0.051477 0.064723 0.091006 0.051418
0.054729 0.070373 0.076202 0.12007 0.063412 0.051231 0.051689 0.053077 0.047606 0.049711 0.058573 0.057512 0.053792 0.053514 0.05534 0.057951 0.066799 0.092767 0.073288 0.065871 0.054374 0.051835 0.048834 0.047681 0.053244 0.04538 0.044155 0.041654 0.041144 0.040306 0.039567 0.041746 0.043973 0.067197 0.053694 0.045574 0.038859 0.035011 0.034404 0.035749 0.035902 0.034948 0.032699 0.032057 0.032401 0.033072 0.033863 0.035244 0.040305 0.043237 0.060475 0.11935 0.068433 0.045332 0.041991 0.044203 0.073369 0.058148 0.058577 0.053991 0.061477 0.064613 0.058799
0.068106 0.076097 0.075312 0.084365 0.070583 0.050363 0.05283 0.053653 0.051629 0.053296 0.063424 0.058351 0.054518 0.056829 0.061042 0.069173 0.13812 0.085436 0.060436 0.056698 0.053404 0.053135 0.054882 0.04928 0.048214 0.044421 0.043232 0.042649 0.045132 0.041309 0.039577 0.039465 0.039046 0.041703 0.063188 0.040627 0.03644 0.034936 0.03526 0.050827 0.038185 0.036977 0.03253 0.031968 0.033208 0.032842 0.033142 0.034957 0.040582 0.03959 0.041994 0.055642 0.049864 0.042281 0.043047 0.04574 0.07378 0.064752 0.078777 0.055641 0.057059 0.06196 0.058234
0.067356 0.054026 0.054076 0.077811 0.052772 0.050066 0.063219 0.052791 0.065388 0.056383 0.095545 0.089487 0.067882 0.069068 0.064544 0.073536 0.10156 0.098194 0.066793 0.059351 0.056173 0.053075 0.059559 0.054407 0.047232 0.045512 0.045303 0.045226 0.04785 0.0469 0.0404 0.038816 0.038998 0.038634 0.041899 0.037594 0.035569 0.035039 0.036156 0.045329 0.034569 0.033161 0.03224 0.03218 0.032431 0.032328 0.033284 0.034815 0.035723 0.037784 0.038566 0.041944 0.043163 0.040978 0.042242 0.043871 0.046537 0.049346 0.05661 0.063501 0.091925 0.14105 0.076274
0.046602 0.047337 0.049849 0.067975 0.051459 0.047818 0.048546 0.050547 0.060861 0.055197 0.068554 0.10601 0.10183 0.069466 0.077168 0.092069 0.090139 0.076321 0.073024 0.064441 0.05996 0.059971 0.0545 0.053294 0.054133 0.049299 0.048404 0.045841 0.0491 0.053652 0.046555 0.040043 0.038398 0.037299 0.036416 0.03555 0.035357 0.036477 0.040252 0.035105 0.032674 0.032314 0.032181 0.031849 0.032379 0.033029 0.033913 0.033949 0.034608 0.035936 0.038731 0.04311 0.04222 0.042915 0.04244 0.044474 0.04702 0.05095 0.056471 0.062926 0.080094 0.10538 0.11615
0.042489 0.042641 0.044033 0.046263 0.049112 0.047288 0.045484 0.049617 0.054632 0.05494 0.066806 0.087611 0.097347 0.083526 0.080714 0.090003 0.09838 0.12362 0.11799 0.076152 0.068057 0.074742 0.057987 0.055809 0.072646 0.071133 0.053201 0.048695 0.050769 0.052462 0.048843 0.04516 0.040873 0.037836 0.036309 0.036026 0.036551 0.036789 0.036121 0.033824 0.032139 0.031743 0.031651 0.031718 0.032661 0.03902 0.042445 0.033627 0.034049 0.035484 0.040009 0.048455 0.042422 0.042007 0.044471 0.048082 0.052662 0.063081 0.081133 0.073587 0.16302 0.61188 0.14691
0.040119 0.040455 0.041409 0.043 0.046516 0.04595 0.047949 0.049102 0.04973 0.05256 0.059654 0.075687 0.11334 0.1095 0.10347 0.10945 0.13646 0.40874 0.14425 0.08664 0.073681 0.064675 0.066759 0.069931 0.086908 0.096122 0.06316 0.056507 0.064676 0.089867 0.052757 0.04367 0.040153 0.037699 0.036534 0.037467 0.035605 0.035402 0.033863 0.032483 0.031813 0.031436 0.031428 0.032218 0.033118 0.03349 0.034121 0.033433 0.034626 0.036613 0.041868 0.040114 0.044579 0.047462 0.04925 0.058614 0.063298 0.089091 0.10862 0.087783 0.097774 0.18814 0.1399
0.038704 0.039276 0.042969 0.045443 0.045732 0.043054 0.045231 0.047959 0.05254 0.053579 0.060821 0.082975 0.089655 0.10661 0.11895 0.16966 0.28603 0.35264 0.21483 0.1148 0.078734 0.068019 0.086351 0.1147 0.092461 0.10124 0.13167 0.094376 0.14957 0.16126 0.05619 0.044181 0.042002 0.039973 0.037682 0.03583 0.034737 0.033738 0.032857 0.032129 0.031703 0.031397 0.031389 0.031818 0.034168 0.034502 0.033234 0.033745 0.044072 0.038779 0.038338 0.039162 0.049618 0.072587 0.062607 0.14791 0.090745 0.22072 0.16278 0.10842 0.11325 0.12577 0.082168
