simulated_pattern_fig3.txt
ncols   80
nrows   80
xllcorner   0.000000
yllcorner   0.000000
cellsize   1
NODATA_value   -9999
[rows 28 to 55 of 80, columns 0 to 62 of 80]
0.038728 0.039564 0.041481 0.042118 0.041274 0.042665 0.046682 0.047216 0.063365 0.057473 0.064149 0.084577 0.10019 0.20382 0.2521 0.30318 1.039 0.76398 0.69146 0.14781 0.081446 0.070059 0.063546 0.065446 0.083694 0.21449 0.1726 0.098141 0.093102 0.092904 0.058521 0.050748 0.044559 0.059016 0.038918 0.036084 0.034905 0.033858 0.032765 0.032416 0.031641 0.031536 0.031336 0.032082 0.037463 0.036341 0.033398 0.033221 0.035502 0.035456 0.038134 0.043367 0.055952 0.05354 0.092817 0.15461 0.14521 0.1327 0.197 0.18601 0.32612 0.16508 0.073121
0.040489 0.044384 0.039623 0.043176 0.04211 0.04181 0.042212 0.046004 0.048584 0.059808 0.065395 0.080271 0.12471 0.39051 1.3482 0.66677 2.1801 0.55022 0.22843 0.13054 0.082436 0.070192 0.061141 0.062378 0.078644 0.10849 0.085126 0.065918 0.064824 0.079049 0.08608 0.087968 0.048049 0.045122 0.040037 0.037475 0.035445 0.034228 0.032825 0.032516 0.03177 0.031933 0.031435 0.033848 0.032488 0.033031 0.032232 0.032929 0.033344 0.035594 0.037637 0.041517 0.075358 0.050863 0.06131 0.08934 0.11109 0.096594 0.23176 0.23576 0.94776 0.26145 0.072318
0.042021 0.041325 0.039702 0.039415 0.039829 0.041138 0.042268 0.044962 0.047544 0.053363 0.060611 0.074208 0.1167 0.15197 0.28501 0.60566 0.5075 0.32559 0.17273 0.101 0.078186 0.069488 0.063458 0.059844 0.060127 0.061389 0.062041 0.062789 0.077901 0.068328 0.064764 0.054573 0.049947 0.045533 0.047989 0.039335 0.036648 0.03468 0.033224 0.032504 0.032429 0.031852 0.031967 0.035808 0.032409 0.03363 0.03217 0.032649 0.033295 0.035101 0.039601 0.040343 0.045927 0.047821 0.0515 0.070896 0.10802 0.10899 0.15243 0.14534 0.20446 0.10584 0.069167
0.096973 0.053719 0.045092 0.040543 0.039615 0.04123 0.042682 0.046303 0.047191 0.052359 0.058412 0.067188 0.083447 0.10292 0.17243 0.21083 0.15512 0.13792 0.14227 0.093278 0.075132 0.075618 0.065176 0.060293 0.058265 0.058584 0.070339 0.09731 0.1472 0.072457 0.087251 0.059496 0.062018 0.052672 0.062979 0.052121 0.040245 0.035908 0.033744 0.032854 0.032192 0.031844 0.032019 0.03341 0.032322 0.032397 0.032393 0.032459 0.033108 0.034857 0.041257 0.038928 0.040331 0.046848 0.048574 0.056522 0.12548 0.081699 0.10683 0.16878 0.11535 0.076685 0.064394
0.041591 0.042992 0.045139 0.050746 0.041888 0.040626 0.042809 0.043736 0.046512 0.051516 0.066439 0.06631 0.073002 0.098523 0.10889 0.11493 0.11462 0.1258 0.12609 0.088485 0.093998 0.10073 0.067443 0.061705 0.06154 0.067269 0.082688 0.081651 0.076199 0.073338 0.086321 0.081635 0.10933 0.058742 0.049244 0.046025 0.042386 0.036927 0.034334 0.033005 0.032242 0.031931 0.031868 0.032039 0.032318 0.031837 0.031959 0.03237 0.033335 0.035852 0.037451 0.037923 0.043027 0.054226 0.046036 0.051726 0.064298 0.064031 0.08012 0.12035 0.15845 0.075669 0.064079
0.038152 0.038175 0.039387 0.041969 0.040652 0.039987 0.041091 0.043178 0.047977 0.051802 0.073923 0.067728 0.068394 0.087529 0.080851 0.087794 0.10979 0.13853 0.096732 0.07307 0.086933 0.096496 0.069765 0.076626 0.095411 0.07746 0.068358 0.10596 0.06655 0.073191 0.13961 0.11935 0.16507 0.10216 0.049219 0.045561 0.042439 0.037357 0.034668 0.033531 0.032593 0.032087 0.03198 0.034366 0.032867 0.03187 0.031955 0.032362 0.033088 0.035479 0.037298 0.036786 0.038547 0.043892 0.045343 0.05305 0.062282 0.075341 0.084344 0.07497 0.062957 0.066161 0.14691
0.04225 0.0392 0.041643 0.045983 0.040125 0.040198 0.041595 0.04313 0.04614 0.050723 0.058933 0.058851 0.068359 0.17651 0.11248 0.078906 0.077864 0.079289 0.086413 0.069786 0.081191 0.072404 0.065841 0.10413 0.34789 0.11335 0.079346 0.13738 0.11248 0.077462 0.07785 0.080818 0.087565 0.10055 0.067873 0.060032 0.040534 0.037039 0.035809 0.03427 0.033647 0.032485 0.032863 0.033233 0.03217 0.032724 0.032219 0.032486 0.033124 0.033935 0.034865 0.0361 0.037632 0.040184 0.043094 0.051304 0.072746 0.085936 0.072421 0.062035 0.061045 0.055936 0.053915
0.038641 0.049459 0.044616 0.059235 0.044785 0.041439 0.041355 0.043027 0.045887 0.050217 0.059212 0.069772 0.06595 0.076374 0.072489 0.078983 0.093931 0.067581 0.068274 0.07364 0.14979 0.095778 0.082082 0.10082 0.16005 0.18519 0.2182 0.11244 0.073886 0.080526 0.097781 0.060016 0.062534 0.076355 0.057703 0.048925 0.040971 0.037198 0.037606 0.036423 0.034346 0.033855 0.033118 0.032417 0.032268 0.035699 0.032943 0.032725 0.033317 0.034261 0.034673 0.036084 0.037902 0.040554 0.046325 0.071266 0.063141 0.087343 0.17869 0.070937 0.056642 0.052239 0.046886
0.036426 0.038969 0.053818 0.095597 0.090551 0.045954 0.041495 0.042134 0.044689 0.049241 0.06733 0.1293 0.085408 0.082931 0.086016 0.13251 0.090279 0.05972 0.065404 0.069472 0.074799 0.062658 0.066942 0.14263 0.11615 0.083958 0.0836 0.076376 0.060441 0.062089 0.07253 0.054345 0.048134 0.049115 0.050205 0.042188 0.039032 0.039466 0.036637 0.038301 0.03869 0.034931 0.033527 0.032313 0.032321 0.033464 0.035035 0.035183 0.033758 0.034464 0.035343 0.036359 0.038397 0.044209 0.069047 0.063918 0.070104 0.061879 0.059706 0.05331 0.054011 0.048397 0.046363
0.036083 0.03795 0.0554 0.10455 0.056948 0.050237 0.043098 0.042962 0.048902 0.05314 0.07586 0.23513 0.23761 0.16008 0.1541 0.1341 0.071756 0.056144 0.054268 0.066677 0.059274 0.055073 0.0733 0.096809 0.11565 0.076291 0.059511 0.073469 0.091711 0.057534 0.056862 0.060657 0.047099 0.044049 0.050992 0.046986 0.0427 0.049043 0.040944 0.042677 0.036559 0.033892 0.032943 0.032389 0.032401 0.032761 0.034035 0.0429 0.034378 0.034384 0.03541 0.036568 0.039037 0.046305 0.06534 0.067927 0.051141 0.054295 0.046932 0.048299 0.053057 0.046684 0.046006
0.036161 0.036972 0.040206 0.053456 0.049372 0.041854 0.040063 0.040868 0.045462 0.051551 0.12393 0.081898 0.073046 0.070929 0.06779 0.059208 0.054151 0.049686 0.048095 0.048627 0.049291 0.052157 0.055807 0.061631 0.088534 0.056744 0.05141 0.056483 0.066135 0.054943 0.11599 0.090337 0.055012 0.044065 0.042359 0.04471 0.06342 0.052696 0.06356 0.054496 0.0361 0.033902 0.03331 0.032984 0.032925 0.032947 0.033389 0.03474 0.035527 0.035334 0.036645 0.039785 0.041793 0.043845 0.048221 0.058453 0.048552 0.049354 0.04608 0.049566 0.050083 0.047899 0.049574
0.034759 0.036085 0.038712 0.041119 0.040528 0.04773 0.044303 0.040744 0.041018 0.045336 0.062893 0.05457 0.050881 0.055713 0.072507 0.051448 0.047411 0.046388 0.045523 0.045659 0.045709 0.047607 0.049959 0.050394 0.059441 0.056768 0.050116 0.048702 0.050424 0.057808 0.083523 0.060187 0.046789 0.051362 0.047909 0.042958 0.05198 0.044728 0.053171 0.04284 0.035677 0.034365 0.034032 0.034474 0.035007 0.03519 0.034029 0.034369 0.035731 0.038238 0.040559 0.05568 0.044716 0.081988 0.057321 0.048975 0.069036 0.061835 0.046989 0.048077 0.046792 0.049571 0.058074
0.034686 0.035638 0.043229 0.053194 0.038173 0.041235 0.04073 0.039102 0.039565 0.0422 0.046271 0.049947 0.047886 0.049719 0.050524 0.047568 0.045318 0.043905 0.045863 0.048606 0.048736 0.046691 0.047178 0.046023 0.048923 0.059006 0.068731 0.049213 0.045374 0.050368 0.047701 0.046872 0.046047 0.049059 0.044651 0.043531 0.074429 0.04799 0.040546 0.037178 0.035419 0.035913 0.035573 0.035926 0.034358 0.035221 0.03977 0.03913 0.039753 0.038752 0.041273 0.05112 0.044884 0.050177 0.061403 0.050104 0.053618 0.051325 0.048179 0.049499 0.047942 0.05341 0.067293
0.036265 0.035217 0.039539 0.037639 0.037307 0.043063 0.039214 0.039307 0.040947 0.04122 0.054606 0.049929 0.043214 0.0467 0.054462 0.047086 0.046441 0.044472 0.053878 0.045289 0.043442 0.042452 0.043928 0.044283 0.044008 0.04582 0.04631 0.044325 0.043145 0.045054 0.051631 0.055349 0.045011 0.043338 0.047713 0.042275 0.042745 0.041266 0.039943 0.037601 0.036482 0.04086 0.037216 0.047472 0.03812 0.0371 0.046219 0.041463 0.046766 0.040345 0.046165 0.12767 0.061285 0.048225 0.057451 0.091752 0.052871 0.050496 0.060232 0.054037 0.049728 0.055132 0.066509
0.035852 0.034431 0.037228 0.03495 0.034736 0.035333 0.036163 0.037031 0.040544 0.041151 0.041288 0.043692 0.044949 0.04293 0.043772 0.041596 0.041681 0.043428 0.048605 0.041826 0.041358 0.041602 0.045528 0.043999 0.042802 0.04273 0.0423 0.04331 0.042902 0.04372 0.04849 0.051848 0.046494 0.04503 0.05764 0.048662 0.045055 0.049247 0.044901 0.038799 0.039449 0.039006 0.037385 0.042686 0.038035 0.044357 0.037359 0.037029 0.04258 0.053319 0.046986 0.058664 0.054771 0.069669 0.052275 0.053541 0.062604 0.06773 0.15339 0.078204 0.054861 0.058837 0.066241
0.036145 0.034905 0.036974 0.035116 0.034141 0.034093 0.034547 0.035238 0.03714 0.043819 0.039315 0.04189 0.056074 0.055322 0.043651 0.039559 0.039518 0.039716 0.041258 0.04012 0.040744 0.042713 0.046178 0.049702 0.047457 0.043788 0.043611 0.04477 0.044497 0.044133 0.049262 0.092632 0.052095 0.051478 0.074168 0.10754 0.068081 0.1051 0.052976 0.045203 0.052985 0.040614 0.045507 0.040126 0.035972 0.03533 0.035372 0.035869 0.041189 0.048065 0.046959 0.056955 0.051477 0.047898 0.055572 0.056682 0.056702 0.075681 0.11661 0.071127 0.056145 0.056092 0.059392
0.035231 0.034548 0.033953 0.033888 0.034066 0.033868 0.034008 0.034753 0.036424 0.041064 0.041709 0.04462 0.061818 0.066759 0.042396 0.038822 0.038497 0.038423 0.040139 0.039082 0.03957 0.044134 0.061174 0.045394 0.042455 0.042626 0.043172 0.046129 0.045451 0.046087 0.051963 0.066666 0.056622 0.049189 0.04972 0.057078 0.054138 0.073992 0.050419 0.042784 0.039037 0.039737 0.065112 0.050306 0.043794 0.037217 0.036016 0.035052 0.038172 0.049995 0.046652 0.059874 0.076988 0.052674 0.058707 0.10828 0.076829 0.060148 0.06336 0.061053 0.060532 0.064777 0.062341
0.035665 0.036674 0.035589 0.037939 0.035585 0.034247 0.03434 0.035043 0.035449 0.038747 0.042645 0.05276 0.12754 0.056948 0.040299 0.038044 0.037417 0.037778 0.038207 0.038504 0.039085 0.040972 0.046896 0.048768 0.04479 0.044984 0.04728 0.055984 0.056723 0.055137 0.060045 0.055534 0.062282 0.063625 0.063931 0.055322 0.053837 0.04462 0.040215 0.037813 0.036797 0.036552 0.037482 0.037359 0.035777 0.035736 0.034228 0.034433 0.035583 0.037296 0.039847 0.050151 0.055098 0.059262 0.053574 0.063213 0.066719 0.065096 0.072957 0.065059 0.056725 0.067772 0.06722
0.044269 0.075368 0.04377 0.051899 0.045481 0.038611 0.03788 0.034714 0.035393 0.039207 0.056518 0.075563 0.055236 0.043317 0.038592 0.037401 0.037305 0.037629 0.038373 0.03879 0.039477 0.040178 0.042371 0.052221 0.052254 0.048243 0.061167 0.077465 0.068692 0.080226 0.13854 0.10727 0.082108 0.078134 0.11705 0.064768 0.051342 0.044304 0.039472 0.037454 0.038357 0.036652 0.034829 0.034148 0.033731 0.033878 0.033803 0.034069 0.034706 0.035903 0.038518 0.051144 0.059872 0.065175 0.058192 0.063332 0.080699 0.11794 0.12482 0.075483 0.058522 0.0544 0.056093
0.043513 0.042926 0.04607 0.041472 0.037893 0.035306 0.034101 0.033888 0.03414 0.035458 0.040879 0.044033 0.03955 0.039918 0.037188 0.036955 0.037367 0.0388 0.040016 0.03908 0.039638 0.041064 0.045804 0.04604 0.04495 0.048565 0.084077 0.064338 0.056537 0.073486 0.16481 0.1338 0.098521 0.057395 0.053902 0.048104 0.044536 0.045766 0.038981 0.036493 0.035895 0.035428 0.034441 0.033639 0.034104 0.033429 0.03334 0.033882 0.034279 0.035458 0.03756 0.042409 0.05798 0.05866 0.060436 0.071826 0.11893 0.53052 0.33955 0.098428 0.063878 0.055237 0.052066
0.034812 0.033639 0.03445 0.034049 0.033202 0.033491 0.03971 0.034522 0.033533 0.03446 0.037526 0.040675 0.03903 0.037081 0.037973 0.037085 0.037238 0.038886 0.04295 0.040894 0.042099 0.047661 0.05222 0.046261 0.045389 0.048019 0.058369 0.068728 0.07744 0.11654 0.14555 0.080761 0.062948 0.055123 0.059493 0.050576 0.044687 0.040359 0.03784 0.03623 0.035134 0.03429 0.033649 0.033653 0.034187 0.033133 0.032906 0.03321 0.033938 0.03494 0.036597 0.039242 0.04376 0.053012 0.079629 0.101 0.21242 0.64619 0.57136 0.11934 0.066401 0.057956 0.057233
0.034414 0.03286 0.03285 0.032364 0.032272 0.034717 0.041388 0.034574 0.033564 0.035297 0.034904 0.035033 0.035522 0.036634 0.050822 0.038028 0.037104 0.038214 0.042218 0.047865 0.046305 0.045219 0.044379 0.046381 0.047004 0.04905 0.06843 0.17541 0.1392 0.066824 0.068678 0.060331 0.065188 0.072161 0.1178 0.056466 0.044537 0.040668 0.037928 0.036435 0.035141 0.034244 0.03367 0.034662 0.032947 0.032716 0.032653 0.032942 0.03347 0.034458 0.035849 0.038064 0.041606 0.049459 0.096566 0.22522 0.29662 0.21689 0.16964 0.10407 0.070123 0.069251 0.088677
0.034896 0.031894 0.031747 0.031748 0.031841 0.032973 0.03494 0.034397 0.033143 0.033693 0.033933 0.034102 0.034804 0.035878 0.039538 0.039376 0.037673 0.038342 0.039524 0.041012 0.042421 0.044556 0.048691 0.047675 0.048051 0.050599 0.057555 0.076108 0.065365 0.056699 0.05741 0.054748 0.064441 0.12414 0.22702 0.066011 0.045425 0.041549 0.039055 0.037226 0.035414 0.034553 0.033762 0.033334 0.032778 0.032612 0.032493 0.032758 0.033142 0.033999 0.035177 0.037154 0.040067 0.045959 0.062365 0.081986 0.11841 0.08638 0.076165 0.073964 0.086902 0.12229 0.075381
0.031886 0.032282 0.032314 0.031903 0.031936 0.033326 0.032598 0.032568 0.032998 0.033028 0.033484 0.033883 0.034511 0.035513 0.039345 0.038064 0.038695 0.039278 0.040308 0.041613 0.043135 0.045934 0.04839 0.049639 0.052572 0.056279 0.060985 0.067257 0.059785 0.05484 0.053241 0.052056 0.054132 0.06607 0.070831 0.057476 0.05323 0.045046 0.050882 0.038844 0.035651 0.035567 0.033893 0.033286 0.032865 0.032586 0.032447 0.032535 0.032857 0.033563 0.034671 0.036072 0.03839 0.042275 0.054661 0.062913 0.068581 0.095326 0.078549 0.075766 0.089371 0.089417 0.088085
0.03345 0.03399 0.032623 0.032669 0.032309 0.032991 0.035074 0.033156 0.032577 0.032873 0.033487 0.034052 0.034755 0.035601 0.036817 0.037877 0.039196 0.040479 0.043026 0.043615 0.045057 0.047583 0.050003 0.052635 0.055912 0.059503 0.067458 0.063731 0.063136 0.05761 0.056568 0.052816 0.052383 0.054721 0.055498 0.077893 0.055548 0.043162 0.041142 0.038325 0.036169 0.035277 0.034231 0.033835 0.033592 0.033055 0.032582 0.032398 0.032608 0.033084 0.034009 0.035174 0.036817 0.039278 0.043248 0.052103 0.062395 0.084998 0.057809 0.060957 0.09049 0.096756 0.1196
0.038023 0.041905 0.038463 0.034261 0.033031 0.037783 0.040131 0.033048 0.032447 0.033352 0.034166 0.035275 0.035315 0.036205 0.038116 0.038919 0.039702 0.041677 0.045607 0.045893 0.047899 0.050994 0.055392 0.057524 0.059729 0.062183 0.066697 0.067601 0.070882 0.067394 0.061307 0.055844 0.052444 0.051978 0.061446 0.054931 0.055865 0.043513 0.040201 0.03819 0.03634 0.035633 0.035703 0.037764 0.039471 0.038152 0.03296 0.032329 0.03233 0.032741 0.03324 0.034322 0.03545 0.037274 0.03925 0.044106 0.081172 0.053224 0.048497 0.052215 0.070358 0.1221 0.35634
0.040081 0.13127 0.099806 0.03756 0.033186 0.036467 0.040678 0.033188 0.032746 0.033442 0.034701 0.03657 0.0367 0.038399 0.042739 0.040085 0.041396 0.043907 0.048065 0.054522 0.053511 0.057643 0.060296 0.065335 0.067695 0.072068 0.073371 0.078281 0.090784 0.081432 0.067685 0.059538 0.054385 0.05159 0.050904 0.047727 0.047767 0.043963 0.040256 0.03834 0.037937 0.037841 0.050438 0.040418 0.036266 0.034316 0.033165 0.032215 0.03254 0.032439 0.032733 0.033484 0.03438 0.03571 0.037397 0.041072 0.046758 0.051505 0.048797 0.051143 0.06176 0.066262 0.07864
0.035607 0.044489 0.040944 0.035296 0.037709 0.03347 0.033537 0.03264 0.032501 0.033487 0.036841 0.044317 0.03996 0.038906 0.043561 0.042453 0.044309 0.04582 0.051545 0.086525 0.062301 0.073613 0.071723 0.07779 0.082878 0.09027 0.10169 0.12288 0.25389 0.098256 0.079894 0.067668 0.058698 0.053237 0.049334 0.048239 0.045809 0.044603 0.045093 0.041639 0.043613 0.038977 0.045992 0.037144 0.03403 0.033146 0.032687 0.032008 0.032041 0.032029 0.032393 0.032902 0.033741 0.034802 0.035703 0.037083 0.039131 0.048599 0.055882 0.056384 0.072071 0.058884 0.049667
